12111B4, 12111F1, 1211141, 1211199, 18111D9, 2211135, 296113S
12111D2, 1211154, 2211113, 2211115, 2211122
2211126, 2211131, 2961123, 2961127, 2961128
2641134, 2961121, 2961122
12111C6, 12111D5, 2211136, 2211138
2211123, 2211129, 221113A, 2211131, 2211132, 2211133, 2211134, 2211135, 2211136, 2211137, 2211138, 2211139
221111A, 2211111, 2211112, 2211113, 2211114, 2211115, 2211116, 2211117, 2211118, 2211119
221111A, 221112A, 2211121, 2211122, 2211123, 2211124, 2211126, 2211127, 2211128, 2211129
221113B, 221113C, 221113D, 221113E, 221113F, 2211131, 2211132, 2211133, 2211134, 2211135
221111A, 221112A, 2211121, 2211122, 2211123, 2211124, 2211126, 2211127, 2211128, 2211129
2211121, 2211123, 2211126, 221113A, 2211132, 2211133, 2211134, 2211136, 2211137, 2211138
221111A, 2211118, 2211119, 221112A, 2211121, 2211122, 2211123, 2211124, 2211126, 2211127, 2211128, 2211129
221111A, 2211111, 2211112, 2211113, 2211114, 2211115, 2211116, 2211117, 2211118, 2211119
221111A, 2211111, 2211112, 2211113, 2211114, 2211115, 2211116, 2211117, 2211118, 2211119
221111A, 2211111, 2211112, 2211113, 2211114, 2211115, 2211116, 2211117, 2211118, 2211119
221111A, 2211111, 2211112, 2211113, 2211114, 2211115, 2211116, 2211117, 2211118, 2211119, 221112A, 2211122, 2211123, 2211129
221111A, 2211111, 2211112, 2211113, 2211114, 2211115, 2211116, 2211117, 2211118, 2211119
221111A, 2211111, 2211112, 2211113, 2211114, 2211115, 2211116, 2211117, 2211118, 2211119
2211111, 2211112, 2211115, 2211119, 221112A, 2211121, 2211122, 2211123, 2211126, 2211127, 2211129, 9991103
22111A1, 22111A2, 22111A3, 221111A, 2211111, 2211112, 2211113, 2211114, 2211116, 2211117, 2211118, 2211119, 2211122, 2211124, 221113B, 221113C, 221113D, 221113E, 221113F, 9991112
221113G, 221113H, 221113I, 221113J, 221113K, 2211131, 2211132, 2211133, 2211134, 2211135
2211111, 2211116, 221112A, 2211121, 2211122, 2211123, 2211124, 2211127, 2211128, 2211129
221111A, 2211111, 2211112, 2211113, 2211114, 2211115, 2211116, 2211117, 2211118, 2211119
2211111, 2211119, 221112A, 2211121, 2211122, 2211123, 2211124, 2211126, 2211127, 2211129
2211121, 2211122, 2211126, 2211127, 221113A, 2211131, 2211132, 2211133, 2211138, 2211139
221112A, 2211121, 2211122, 2211123, 2211124, 2211126, 2211127, 2211128, 2211129
2211126, 221113G, 221113H, 221113I, 221113J, 221113K, 2211131, 2211132, 2211133, 2211134, 2211135
221111A, 2211111, 2211112, 2211113, 2211114, 2211115, 2211116, 2211117, 2211118, 2211119
221112A, 2211121, 2211122, 2211123, 2211124, 2211126, 2211127, 2211128, 2211129
221111A, 2211111, 2211112, 2211113, 2211114, 2211115, 2211116, 2211117, 2211118, 2211119
221111A, 2211112, 2211113, 2211116, 2211117, 2211118, 2211119
2211111, 2211112, 2211116, 2211119, 221112A, 2211123, 2211124
2211111, 2211112, 2211118, 2211119, 221112A, 2211121, 2211123, 2211126
221112A, 2211121, 2211122, 2211123, 2211124, 2211126, 2211127, 2211128, 2211129
221111A, 2211111, 2211112, 2211113, 2211116, 2211117, 2211118, 2211119, 2211122, 2211128
2211121, 2211126, 2211127, 221113A, 2211131, 2211132, 2211133, 2211134, 2211135, 2211138, 2211139
2211112, 2211114, 2211117, 2211118, 2211119, 221112A, 2211121, 2211123, 2211126
2211129, 221113B, 221113C, 221113D, 221113E, 221113F, 2211131, 2211132, 2211133, 2211134, 2211135
221113A, 2211131, 2211132, 2211133, 2211134, 2211135, 2211136, 2211137, 2211138, 2211139
2211113, 2211117, 2211118, 2211119, 221112A, 2211123, 2211124
221111A, 2211111, 2211112, 2211113, 2211114, 2211115, 2211116, 2211117, 2211118, 2211119
221111A, 2211111, 2211112, 2211113, 2211114, 2211115, 2211116, 2211117, 2211118, 2211119
221111A, 2211111, 2211112, 2211113, 2211114, 2211115, 2211116, 2211117, 2211118, 2211119
221112A, 2211121, 2211122, 2211123, 2211124, 2211126, 2211127, 2211128, 2211129
221111A, 2211111, 2211112, 2211113, 2211114, 2211115, 2211116, 2211117, 2211118, 2211119
2211113, 2211118, 221112A, 2211121, 2211122, 2211123, 2211124, 2211126, 2211127, 2211128
221113A, 2211131, 2211132, 2211133, 2211134, 2211135, 2211136, 2211137, 2211138, 2211139
221111A, 2211113, 2211117, 221112A, 2211121, 2211122, 2211124, 2211126, 2211128
221112A, 2211121, 2211122, 2211123, 2211124, 2211126, 2211127, 2211128, 2211129
2211113, 221112A, 2211121, 2211123, 2211127, 2211128, 2211129
221112A, 2211121, 2211122, 2211123, 2211124, 2211126, 2211127, 2211128, 2211129
221112A, 2211121, 2211122, 2211123, 2211124, 2211126, 2211127, 2211128, 2211129
221111A, 2211118, 221112A, 2211121, 2211122, 2211123, 2211124, 2211126, 2211127, 2211128, 2211129
221111A, 2211111, 2211112, 2211113, 2211114, 2211115, 2211116, 2211117, 2211118, 2211119
2211111, 2211118, 221112A, 2211121, 2211122, 2211123, 2211124, 2211127, 2211128, 2211129
221111A, 2211111, 2211112, 2211114, 2211115, 2211117, 221112A, 2211121, 2211122, 2211123, 2211128, 2211129, 9991106, 9991206, 9991306, 9991406
2211122, 2211124, 2211126, 2211128, 2211129, 221113A, 2211131, 2211133, 2211134, 2211136, 2211137, 9991106, 9991109
221111A, 2211111, 2211112, 2211113, 2211114, 2211115, 2211116, 2211117, 2211118, 2211119
221112A, 2211121, 2211122, 2211123, 2211124, 2211126, 2211127, 2211128, 2211129
221111A, 2211111, 2211112, 2211113, 2211114, 2211115, 2211116, 2211117, 2211118, 2211119
221112A, 2211121, 2211122, 2211123, 2211124, 2211126, 2211127, 2211128, 2211129
2211113, 2211119, 2211122, 2211123, 2211126, 2211127, 2211128, 9981012
221111A, 2211111, 2211112, 2211113, 2211114, 2211115, 2211116, 2211117, 2211118, 2211119
221111A, 2211111, 2211112, 2211113, 2211114, 2211115, 2211116, 2211117, 2211118, 2211119
2211113, 2211121, 2211122, 2211127, 2211128, 221113D, 221113F, 2211134
221111A, 2211111, 2211112, 2211113, 2211114, 2211115, 2211116, 2211117, 2211118, 2211119
221113B, 221113C, 221113D, 221113E, 221113F, 2211131, 2211132, 2211133, 2211134, 2211135
221111A, 2211111, 2211112, 2211113, 2211114, 2211115, 2211116, 2211117, 2211118, 2211119
221111A, 2211111, 2211112, 2211113, 2211114, 2211115, 2211116, 2211117, 2211118, 2211119
18111B1, 18111C9
221112A, 2211121, 2211122, 2211123, 2211124, 2211126, 2211127, 2211128, 2211129
221111A, 2211115, 2211116, 221112A, 2211121, 2211122, 2211123, 2211124, 2211126, 2211127, 2211128, 2211129
221113A, 2211131, 2211132, 2211133, 2211134, 2211135, 2211136, 2211137, 2211138, 2211139
221111A, 2211111, 2211112, 2211113, 2211114, 2211115, 2211116, 2211117, 2211118, 2211119
221112A, 2211121, 2211122, 2211123, 2211124, 2211126, 2211129, 221113G
221111A, 2211111, 2211116, 2211118, 221112A, 2211121, 2211122, 2211123, 2211124, 2211126, 2211127
221112A, 221113A, 2211131, 2211132, 2211133, 2211134, 2211135, 2211136, 2211137, 2211138, 2211139
221113B, 221113C, 221113D, 221113E, 221113F, 2211131, 2211132, 2211133, 2211134, 2211135
221112A, 2211121, 2211122, 2211123, 2211124, 2211126, 2211127, 2211128, 2211129
221111A, 2211111, 2211112, 2211113, 2211114, 2211115, 2211116, 2211117, 2211118, 2211119
221112A, 2211121, 2211122, 2211123, 2211124, 2211126, 2211127, 2211128, 2211129
221111A, 2211111, 2211113, 2211118, 221112A, 2211121, 2211123, 2211124, 2211128
221111A, 2211111, 2211112, 2211113, 2211114, 2211115, 2211116, 2211117, 2211118, 2211119
221113B, 221113C, 221113D, 221113E, 221113F, 2211131, 2211132, 2211133, 2211134, 2211135
221112A, 2211121, 2211122, 2211123, 2211124, 2211126, 2211127, 2211128, 2211129
221111A, 2211111, 2211112, 2211113, 2211119, 221112A, 2211121, 2211123, 2211127, 2211129
221111A, 2211113, 2211114, 2211116, 2211117, 2211119, 2211122, 2211123, 2211124, 2211127
221111A, 2211112, 2211118, 221112A, 2211121, 2211122, 2211123, 2211124, 2211128, 2211129
221111A, 2211111, 2211112, 2211113, 2211114, 2211115, 2211116, 2211117, 2211118, 2211119
221111A, 2211111, 2211112, 2211113, 2211114, 2211115, 2211116, 2211117, 2211118, 2211119
221111A, 2211111, 2211112, 2211113, 2211114, 2211115, 2211116, 2211117, 2211118, 2211119
221111A, 2211111, 2211112, 2211113, 2211114, 2211115, 2211116, 2211117, 2211118, 2211119
221111A, 2211111, 2211112, 2211113, 2211114, 2211115, 2211116, 2211117, 2211118, 2211119
2211126, 2211129, 221113G, 221113H, 221113I, 221113J, 221113K, 2211131, 2211132, 2211133, 2211134, 2211135
2211111, 2211113, 221112A, 2211121, 2211122, 2211123, 2211124, 2211126, 2211127, 2211128
221113B, 221113C, 221113D, 221113E, 221113F, 2211131, 2211132, 2211133, 2211134, 2211135
221111A, 2211111, 2211112, 2211113, 2211116, 2211118, 2211119, 2211124
2211127, 221113C, 221113D, 221113E, 221113F, 2211131, 2211132, 2211133, 2211134
2211121, 2211126, 221113B, 221113C, 221113D, 221113E, 221113F, 2211132, 2211133, 2211134, 2211135
2211129, 221113G, 221113H, 221113I, 221113J, 221113K, 2211131, 2211132, 2211133, 2211134, 2211135
221111A, 2211119, 221112A, 2211121, 2211122, 2211123, 2211124, 2211128
221113G, 221113H, 221113I, 221113J, 221113K, 2211131, 2211132, 2211133, 2211134, 2211135
221112A, 2211121, 2211122, 221113G, 221113H, 221113I, 221113J, 221113K, 2211131, 2211133, 2211134, 2211135
221111A, 2211111, 2211112, 2211113, 2211114, 2211115, 2211116, 2211117, 2211118, 2211119, 2211122, 2211124, 2211128, 2211129
221111A, 2211113, 2211116, 2211118, 221112A, 2211121, 2211122, 2211123, 2211124, 2211128
221113G, 221113H, 221113I, 221113J, 221113K, 2211131, 2211132, 2211133, 2211134, 2211135
221111A, 2211111, 2211112, 2211113, 2211114, 2211115, 2211116, 2211117, 2211118, 2211119
221111A, 2211111, 2211112, 2211113, 2211114, 2211115, 2211116, 2211117, 2211118, 2211119
221111A, 2211111, 2211112, 2211113, 2211114, 2211115, 2211116, 2211117, 2211118, 2211119
221112A, 2211121, 2211122, 2211123, 2211124, 2211126, 2211127, 2211128, 2211129
22111A2, 22111A3, 221111A, 2211111, 2211112, 2211113, 2211114, 2211115, 2211116, 2211117, 2211118, 2211119, 221112A, 2211121, 2211122, 2211123, 2211124, 2211126, 2211127, 2211128, 2211129, 221113B, 221113C, 221113D, 221113E, 2211131, 2211133, 2211134, 29611AE, 9991106
2211129, 221113B, 221113C, 221113D, 221113E, 221113F, 2211131, 2211132, 2211133, 2211134, 2211135
221111A, 2211111, 2211112, 2211113, 2211114, 2211115, 2211116, 2211117, 2211118, 2211119
2211129, 221113B, 221113C, 221113D, 221113E, 221113F, 2211131, 2211132, 2211133, 2211134, 2211135
221111A, 2211111, 2211112, 2211113, 2211114, 2211115, 2211116, 2211117, 2211118, 2211119
221111A, 2211111, 2211112, 2211113, 2211114, 2211115, 2211116, 2211117, 2211118, 2211119
221111A, 2211111, 2211112, 2211113, 2211114, 2211115, 2211116, 2211117, 2211118, 2211119
221111A, 2211112, 221112A, 2211121, 2211122, 2211123, 2211124, 2211126, 2211127, 2211128, 2211129
2211129, 221113B, 221113C, 221113D, 221113E, 221113F, 2211131, 2211132, 2211133, 2211134, 2211135
2211119, 221112A, 2211121, 2211122, 2211123, 2211124, 2211126, 2211128
221111A, 2211111, 2211112, 2211113, 2211114, 2211115, 2211116, 2211117, 2211118, 2211119
221111A, 2211111, 2211112, 2211113, 2211114, 2211115, 2211116, 2211117, 2211118, 2211119
221111A, 2211111, 2211112, 2211114, 2211116, 2211117, 2211118, 2211124
221111A, 2211111, 2211112, 2211113, 2211114, 2211115, 2211116, 2211117, 2211118, 2211119
221113A, 2211131, 2211132, 2211133, 2211134, 2211135, 2211136, 2211137, 2211138, 2211139
2641114, 2641134, 2961121
221113A, 2211131, 2211132, 2211133, 2211134, 2211135, 2211136, 2211137, 2211138, 2211139
221113A, 2211131, 2211132, 2211133, 2211134, 2211135, 2211136, 2211137, 2211138, 2211139
2211126, 221113B, 221113C, 221113D, 221113E, 221113F, 2211131, 2211132, 2211133, 2211134, 2211135
221112A, 2211126, 2211127, 2211128, 2211129, 2211131, 2211132, 2211133, 2211134, 2211135
2211111, 2211119, 221113G, 221113H, 221113I, 221113J, 221113K, 2211131, 2211132, 2211133, 2211134, 2211135, 9991101
221111A, 2211111, 2211116, 2211118, 2211121, 2211122, 2211123, 2211124, 2211129
221111A, 2211111, 2211112, 2211113, 2211114, 2211115, 2211116, 2211117, 2211118, 2211119
221111A, 2211111, 2211112, 2211113, 2211114, 2211115, 2211116, 2211117, 2211118, 2211119
2211111, 221112A, 2211121, 2211122, 2211123, 2211126, 2211127, 2211129
2211122, 2211126, 2211129, 221113B, 221113C, 221113D, 221113E, 2211131, 2211132, 2211133, 2211134, 2211135
2211119, 221112A, 2211121, 2211122, 2211123, 2211124, 2211126, 2211127, 2211128, 2211129
221111A, 2211111, 2211112, 2211113, 2211114, 2211115, 2211116, 2211117, 2211118, 2211119
221111A, 2211111, 2211112, 2211113, 2211114, 2211115, 2211116, 2211117, 2211118, 2211119
2211112, 2211113, 2211118, 221112A, 2211122, 2211123, 2211126, 2211128, 2211129
2211126, 2211129, 221113A, 2211131, 2211132, 2211133, 2211134, 2211135, 2211137, 2211139
2211113, 2211119, 221112A, 2211121, 2211122, 2211124, 2211126, 2211128, 2211134
221111A, 2211111, 2211112, 2211113, 2211114, 2211115, 2211116, 2211117, 2211118, 2211119
2211111, 2211112, 2211114
221111A, 2211111, 2211112, 2211116, 221112A, 2211121, 2211122, 2211123, 2211124, 2211126, 2211127, 2211128
221111A, 2211112, 2211113, 2211114, 2211115, 2211116, 2211118, 2211121, 2211122, 2211124, 2211126, 2211127, 2211128, 2211129, 221113B, 221113C, 221113D, 221113E, 221113F, 2211131, 2211132, 2211133, 2211135, 9991106, 9991206, 9991306
2211111, 2211121, 2211122, 2211126, 2211127, 2211129, 221113B, 221113C, 221113D, 2211133, 2211134, 2211135
221112A, 2211121, 2211122, 2211123, 2211126, 2211127
221111A, 2211111, 2211112, 2211113, 2211114, 2211115, 2211116, 2211117, 2211118, 2211119
2211126, 221113B, 221113C, 221113D, 221113E, 221113F, 2211131, 2211132, 2211133, 2211134, 2211135
2211122, 2211126, 2211127, 2211129, 221113B, 221113C, 221113D, 221113E, 2211132, 2211133, 2211134, 2211135
221111A, 2211111, 2211112, 2211113, 2211114, 2211115, 2211116, 2211117, 2211118, 2211119
2211111, 2211123, 2211126, 221113A, 2211131, 2211132, 2211133, 2211134, 2211135, 2211136, 2211137, 2211138, 2211139
2211127, 2211129, 221113B, 221113C, 221113D, 2211131, 2211132, 2211133, 2211134, 2211135
22111A2, 22111A3, 221111A, 2211111, 2211112, 2211113, 2211114, 2211115, 2211116, 2211117, 2211118, 2211119, 221112A, 2211121, 2211122, 2211123, 2211124, 2211126, 2211127, 2211128, 2211129, 221113B, 29611AE, 9991106, 9991206
221113G, 221113H, 221113I, 221113J, 221113K, 2211131, 2211132, 2211133, 2211134, 2211135
221111A, 2211111, 2211112, 2211113, 2211114, 2211115, 2211116, 2211117, 2211118, 2211119
221112A, 2211121, 2211122, 2211123, 2211124, 2211126, 2211127, 2211128, 2211129
221111A, 2211116, 221112A, 2211121, 2211122, 2211123, 2211124, 2211126, 2211127, 2211128, 2211129
221111A, 2211111, 2211112, 2211113, 2211115, 2211116, 2211117, 2211118, 2211119, 221112A, 2211128, 221113C, 221113J, 2211138, 29611AE, 9991106, 9991206
2211123, 2211126, 2211127, 2211129, 221113A, 2211131, 2211133, 2211134, 2211135, 2211138
221111A, 2211115, 2211121, 2211123, 2211126, 2211127, 221113D, 221113E, 2211132, 2211133
221113G, 221113H, 221113I, 221113J, 221113K, 2211131, 2211132, 2211133, 2211134, 2211135
2211121, 2211122, 2211126, 2211127, 221113G, 221113J, 221113K, 2211132, 2211133, 2211134
2211122, 2211123, 2211124, 2211126, 2211129, 221113A, 2211133, 2211136, 2211137
2211112, 221112A, 2211121, 2211122, 2211123, 2211124, 2211126, 2211127, 2211128, 2211129
221111A, 2211111, 2211112, 2211113, 2211114, 2211115, 2211116, 2211117, 2211118, 2211119
221112A, 2211121, 2211129, 2211131, 2211133, 2211134, 2211135, 2211136, 2211137, 2211139
221111A, 2211111, 2211112, 2211113, 2211114, 2211115, 2211116, 2211117, 2211118, 2211119
221112A, 2211121, 2211122, 2211123, 2211124, 2211126, 2211127, 2211128, 2211129
221111A, 2211111, 2211112, 2211113, 2211114, 2211115, 2211116, 2211117, 2211118, 2211119, 221112A, 2211121, 2211122, 2211123, 2211124, 2211126, 2211127, 2211128, 2211129
221113A, 2211131, 2211132, 2211133, 2211134, 2211135, 2211136, 2211137, 2211138, 2211139
221112A, 2211121, 2211122, 2211123, 2211124, 2211126, 2211127, 2211128, 2211129
221112A, 2211121, 2211122, 2211123, 2211124, 2211126, 2211127, 2211128, 2211129
2211114, 2211115, 221112A, 2211121, 2211122, 2211123, 2211124, 2211126, 2211127, 2211128, 2211129
2211121, 2211126, 2211129, 2211131, 2211133, 2211134, 2211135, 2211136, 2211137, 2211139
221111A, 2211111, 2211112, 2211113, 2211114, 2211115, 2211116, 2211117, 2211118, 2211119
2211117, 221112A, 2211122, 2211124, 2211126, 2211127, 2211129, 221113E, 221113F, 2211133, 2211134, 2211135
2211118, 2211121, 2211122, 2211126, 221113B, 221113C, 2211133, 2211134, 2211135
221112A, 2211121, 2211123, 2211126, 2211127, 2211129, 2211132, 2211133, 2211135, 2211138, 2211139
221112A, 2211121, 2211122, 2211123, 2211124, 2211126, 2211127, 2211128, 2211129
2211127, 221113H, 221113I, 221113K, 2211131, 2211132, 2211134, 9981103, 9981106, 9981203, 9981206, 9981303, 9981306
221111A, 2211112, 2211113, 2211114, 2211116, 2211117, 2211118, 2211119, 221112A, 2211123, 2211124
2211118, 2211121, 2211126, 2211128, 2211129, 2211132, 2211134, 2211135
221112A, 2211121, 2211122, 2211123, 2211124, 2211126, 2211127, 2211128, 2211129
221111A, 2211111, 2211112, 2211113, 2211114, 2211115, 2211116, 2211117, 2211118, 2211119
221111A, 2211111, 2211112, 2211113, 2211114, 2211115, 2211116, 2211117, 2211118, 2211119, 9991103
221111A, 2211111, 2211112, 2211113, 2211114, 2211115, 2211116, 2211117, 2211118, 2211119
221111A, 2211111, 2211113, 2211116, 2211118, 2211119, 221112A, 2211122, 2211123, 2211124, 2211128
221111A, 2211111, 2211112, 2211113, 2211114, 2211115, 2211116, 2211117, 2211118, 2211119
221111A, 2211111, 2211112, 2211113, 2211114, 2211115, 2211116, 2211117, 2211118, 2211119
221113B, 221113C, 221113D, 221113E, 221113F, 2211131, 2211132, 2211133, 2211134, 2211135
221111A, 2211111, 2211112, 2211113, 2211114, 2211115, 2211116, 2211117, 2211118, 2211119, 221112A
221111A, 2211111, 2211112, 2211113, 2211114, 2211115, 2211116, 2211117, 2211118, 2211119
221111A, 2211111, 2211112, 2211113, 2211114, 2211115, 2211116, 2211117, 2211118, 2211119
22111AA, 221111A, 2211112, 2211114, 2211116, 2211118, 221112A, 2211121, 2211123, 2211126, 2211128, 2211132, 2211135, 2211137
221113B, 221113C, 221113D, 221113E, 221113F, 2211131, 2211132, 2211133, 2211134, 2211135
221111A, 221112A, 2211121, 2211122, 2211123, 2211124, 2211126, 2211127, 2211128
221111A, 2211111, 2211112, 2211113, 2211114, 2211115, 2211116, 2211117, 2211118, 2211119
221112A, 2211121, 2211126, 2211131, 2211133, 2211134, 2211135, 2211136, 2211137, 2211139
221112A, 2211121, 2211122, 2211123, 2211124, 2211126, 2211127, 2211128, 2211129
221112A, 2211121, 2211122, 2211123, 2211124, 2211126, 2211127, 2211128, 2211129, 9991101
221111A, 2211111, 2211112, 2211113, 2211114, 2211115, 2211116, 2211117, 2211118, 2211119
2211111, 2211118, 2211119, 221112A, 2211121, 2211122, 2211126, 2211127, 2211129, 2211134
2211111, 2211126, 2211127, 2211129, 221113B, 221113C, 221113D, 2211132, 2211133, 2211134, 2211135
221113A, 2211131, 2211132, 2211133, 2211134, 2211135, 2211136, 2211137, 2211138, 2211139
221111A, 2211111, 2211112, 2211113, 2211114, 2211115, 2211116, 2211117, 2211118, 2211119
221111A, 2211116, 221112A, 2211121, 2211122, 2211123, 2211124, 2211128, 2211129
2211122, 2211126, 221113G, 221113H, 221113I, 221113J, 221113K, 2211131, 2211132, 2211133, 2211134, 2211135
221111A, 2211112, 2211115, 2211116, 2211118, 2211119, 221112A, 2211123, 2211124
2211121, 2211127, 221113B, 221113C, 221113D, 221113E, 221113F, 2211132, 2211133, 2211134, 2211135
221111A, 2211111, 2211112, 2211113, 2211114, 2211115, 2211116, 2211117, 2211118, 2211119
2211126, 2211127, 221113G, 221113H, 221113I, 221113J, 2211132, 2211133, 2211134, 2211135
221111A, 2211111, 2211112, 2211113, 2211114, 2211115, 2211116, 2211117, 2211118, 2211119
221113A, 2211131, 2211132, 2211133, 2211134, 2211135, 2211136, 2211137, 2211138, 2211139
221111A, 2211111, 2211112, 2211113, 2211114, 2211115, 2211116, 2211117, 2211118, 2211119
221111A, 2211111, 2211112, 2211113, 2211114, 2211115, 2211116, 2211117, 2211118, 2211119
221111A, 2211112, 2211116, 2211119, 221112A, 2211123, 2211124
221111A, 2211111, 2211112, 2211113, 2211114, 2211115, 2211116, 2211117, 2211118, 2211119
221111A, 2211111, 2211112, 2211113, 2211114, 2211115, 2211116, 2211117, 2211118, 2211119
221111A, 2211111, 2211112, 2211113, 2211116, 2211118, 2211119, 2211123
221112A, 2211121, 2211122, 2211123, 2211124, 2211126, 2211127, 2211128, 2211129
221111A, 2211111, 2211112, 2211113, 2211114, 2211115, 2211116, 2211117, 2211118, 2211119
221111A, 221112A, 2211121, 2211122, 2211123, 2211124, 2211126, 2211127, 2211128, 2211129
221112A, 2211121, 2211122, 2211123, 2211124, 2211126, 2211127, 2211128, 2211129
221111A, 2211111, 2211112, 2211113, 2211114, 2211115, 2211116, 2211117, 2211118, 2211119
221111A, 2211111, 2211112, 2211113, 2211114, 2211115, 2211116, 2211117, 2211118, 2211119
221111A, 2211111, 2211112, 2211113, 2211114, 2211115, 2211116, 2211117, 2211118, 2211119
221111A, 2211111, 2211112, 2211113, 2211114, 2211115, 2211116, 2211117, 2211118, 2211119
221111A, 2211111, 2211112, 2211113, 2211114, 2211115, 2211116, 2211117, 2211118, 2211119
221111A, 221112A, 2211121, 2211122, 2211123, 2211124, 2211126, 2211127, 2211128, 2211129
221111A, 2211118, 2211121, 2211122, 2211123, 2211124, 2211126, 2211128, 2211129
221111A, 2211111, 2211114, 2211118, 221112A, 2211122, 2211123, 2211124, 2211128, 2211129
221111A, 2211113, 2211115, 2211116, 2211118, 2211119, 2211121, 2211122, 2211123, 2211124
2211123, 2211126, 2211129, 221113B, 221113C, 221113D, 221113E, 2211131, 2211132, 2211133, 2211134, 2211135
221111A, 2211111, 2211112, 2211113, 2211114, 2211115, 2211116, 2211117, 2211118, 2211119
2211127, 221113A, 221113H, 2211131, 2211133, 2211135, 2211136, 2211139, 9981104, 9981112, 9981201, 9981203
2211111, 221113B, 221113C, 221113D, 221113E, 221113F, 2211131, 2211132, 2211133, 2211134, 2211135
221113G, 221113H, 221113I, 221113J, 221113K, 2211131, 2211132, 2211133, 2211134, 2211135
221113B, 221113C, 221113D, 221113E, 221113F, 2211131, 2211132, 2211133, 2211134, 2211135
2211111, 2211114, 2211117, 2211119
221111A, 2211111, 2211112, 2211113, 2211114, 2211115, 2211116, 2211117, 2211118, 2211119
221112A, 2211121, 2211122, 2211123, 2211124, 2211126, 2211127, 2211128, 2211129
2211121, 2211123, 2211126, 2211129, 2211131, 2211132, 2211133, 2211134, 2211135, 2211137, 2211138, 2211139
221111A, 2211111, 2211112, 2211113, 2211114, 2211116, 2211118, 2211119
2211111, 221113A, 2211131, 2211132, 2211133, 2211134, 2211135, 2211136, 2211137, 2211138, 2211139
221112A, 2211121, 2211122, 2211126, 2211127, 2211129, 2211132, 2211133, 2211134, 2211135
221111A, 2211111, 2211112, 2211113, 2211116, 2211117, 2211119, 2211124
221113B, 221113C, 221113D, 221113E, 221113F, 2211131, 2211132, 2211133, 2211134, 2211135
221113A, 2211131, 2211132, 2211133, 2211134, 2211135, 2211136, 2211137, 2211138, 2211139
2211112, 2211114, 2211115, 2211118, 2211119, 221112A, 2211121, 2211126, 2211128
221113A, 2211131, 2211132, 2211133, 2211134, 2211135, 2211136, 2211137, 2211138, 2211139
2211126, 221113A, 2211131, 2211132, 2211133, 2211134, 2211135, 2211137, 2211138, 2211139
221113G, 221113H, 221113I, 221113K, 2211131, 2211132, 2211133, 2211134, 2211135
221111A, 2211111, 2211112, 2211113, 2211114, 2211115, 2211116, 2211117, 2211118, 2211119
221111A, 2211112, 2211113, 2211118, 2211122, 2211124, 2211128, 2211129
221111A, 2211111, 2211112, 2211113, 2211114, 2211115, 2211116, 2211117, 2211118, 2211119
2211121, 2211122, 2211123, 2211124, 2211126, 2211127, 2211128, 2211129, 2211135
221111A, 2211111, 2211112, 2211113, 2211114, 2211115, 2211116, 2211117, 2211118, 2211119
221112A, 2211122, 2211124, 2211126, 2211128, 2211129, 2211131, 2211134, 2211136, 2211138
2211113, 2211118, 2211119, 221112A, 2211121, 2211122, 2211123, 2211126, 2211127, 2211128, 2211129
221113G, 221113H, 221113I, 221113J, 221113K, 2211131, 2211132, 2211133, 2211134, 2211135
2211115, 221113A, 2211131, 2211132, 2211133, 2211134, 2211135, 2211136, 2211137, 2211138, 2211139
221113G, 221113H, 221113I, 221113J, 221113K, 2211131, 2211132, 2211133, 2211134, 2211135
221111A, 2211111, 2211112, 2211113, 2211114, 2211115, 2211116, 2211117, 2211118, 2211119
221113B, 221113C, 221113D, 221113E, 221113F, 2211131, 2211132, 2211133, 2211134, 2211135
221111A, 2211111, 2211112, 2211113, 2211114, 2211115, 2211116, 2211117, 2211118, 2211119
221112A, 2211121, 2211122, 2211123, 2211124, 2211126, 2211127, 2211128, 2211129
2211113, 221112A, 2211121, 2211122, 2211123, 2211124, 2211126, 2211127, 2211128, 2211129
2211112, 2211113, 2211114, 2211117, 221112A, 2211121, 2211123, 2211126, 2211129
221111A, 2211111, 221112A, 2211121, 2211122, 2211126, 2211127, 2211129, 2211134, 2211135
221111A, 2211111, 2211112, 2211113, 2211114, 2211115, 2211116, 2211117, 2211118, 2211119
221113A, 2211131, 2211132, 2211133, 2211134, 2211135, 2211136, 2211137, 2211138, 2211139
221113A, 2211131, 2211132, 2211133, 2211134, 2211135, 2211136, 2211137, 2211138, 2211139
221111A, 2211111, 2211112, 2211116, 2211119, 221112A, 2211121, 2211123, 2211126, 2211129
221111A, 2211121, 2211122, 2211126, 2211132, 2211133, 2211134, 2211136, 2211137, 2211138
2211121, 2211127, 221113B, 221113C, 221113D, 221113E, 221113F, 2211132, 2211133, 2211134, 2211135
2211126, 221113B, 221113C, 221113D, 221113E, 221113F, 2211131, 2211132, 2211133, 2211134, 2211135
221111A, 2211111, 2211112, 2211116, 2211117, 2211118, 2211119, 2211122, 2211123
221111A, 2211111, 2211112, 2211113, 2211114, 2211115, 2211116, 2211117, 2211118, 2211119
221111A, 2211119, 2211121, 2211122, 2211123, 2211126, 2211127, 2211128, 2211129, 2211134, 2211135
2211123, 221113A, 2211131, 2211132, 2211133, 2211134, 2211135, 2211136, 2211137, 2211138, 2211139
2211122, 2211127, 2211129, 221113B, 221113C, 221113D, 2211131, 2211133, 2211134, 2211135
221113B, 221113C, 221113D, 221113E, 221113F, 2211131, 2211132, 2211133, 2211134, 2211135
2211121, 2211124, 2211126, 2211127, 2211129, 221113A, 2211131, 2211133, 2211134, 2211135, 2211138
2211121, 2211122, 2211126, 2211127, 221113A, 2211131, 2211132, 2211133, 2211138, 2211139
221112A, 2211121, 2211122, 2211123, 2211124, 2211126, 2211127, 2211128, 2211129
221111A, 2211111, 2211112, 2211113, 2211114, 2211115, 2211116, 2211117, 2211118, 2211119, 2211128, 9991106
2211113, 2211119, 221112A, 2211121, 2211122, 2211123, 2211124, 2211126, 2211127, 2211128, 2211129
221112A, 2211121, 2211122, 2211123, 2211124, 2211126, 2211127, 2211128, 2211129
221112A, 2211121, 2211122, 2211123, 2211124, 2211126, 2211127, 2211128, 2211129
221111A, 2211118, 221112A, 2211121, 2211122, 2211126, 2211127, 2211129, 2211134, 2211135
2211118, 221112A, 2211121, 2211122, 221113B, 221113C, 221113D, 221113F, 2211133, 2211134, 2211135
221111A, 221112A, 2211121, 2211122, 2211123, 2211124, 2211126, 2211127, 2211128, 2211129
221111A, 2211111, 2211112, 2211113, 2211114, 2211115, 2211116, 2211117, 2211118, 2211119
221111A, 221112A, 2211121, 2211122, 2211123, 2211124, 2211126, 2211127, 2211128, 2211129
221112A, 2211121, 2211122, 2211123, 2211124, 2211126, 2211127, 2211128, 2211129
221111A, 221112A, 2211121, 2211122, 2211123, 2211124, 2211126, 2211127, 2211128, 2211129
2211124, 2211127, 2211128, 2211129, 221113B, 221113C, 221113D, 2211131, 2211132, 2211134, 2211135
221111A, 2211111, 2211112, 2211113, 2211114, 2211115, 2211116, 2211117, 2211118, 2211119
2211129, 221113B, 221113C, 221113D, 221113E, 221113F, 2211131, 2211132, 2211133, 2211134, 2211135
2211129, 221113A, 2211131, 2211132, 2211133, 2211134, 2211135, 2211136, 2211137, 2211138, 2211139
221111A, 2211111, 2211126, 2211127, 221113A, 2211132, 2211133, 2211134, 2211135, 2211136, 2211138
221111A, 2211111, 2211112, 2211113, 2211114, 2211115, 2211116, 2211117, 2211118, 2211119
221111A, 2211111, 2211112, 2211113, 2211114, 2211115, 2211116, 2211117, 2211118, 2211119
221112A, 2211121, 2211122, 2211123, 2211124, 2211126, 2211127, 2211128, 2211129
2211112, 2211118, 221112A, 2211121, 2211122, 2211123, 2211124, 2211126, 2211127, 2211128, 2211129
221111A, 2211111, 2211112, 2211113, 2211114, 2211115, 2211116, 2211117, 2211118, 2211119, 9991103
221111A, 2211111, 2211116, 2211119, 2211121, 2211122, 2211124
221111A, 2211111, 2211112, 2211113, 2211116, 2211118, 2211119
221111A, 2211111, 2211112, 2211113, 2211114, 2211115, 2211116, 2211117, 2211118, 2211119
221111A, 2211111, 2211112, 2211113, 2211114, 2211115, 2211116, 2211117, 2211118, 2211119
221112A, 2211121, 2211122, 2211123, 2211124, 2211126, 2211127, 2211128, 2211129
221111A, 2211111, 2211112, 2211113, 2211114, 2211115, 2211116, 2211117, 2211118, 2211119
221111A, 2211111, 2211112, 2211113, 2211114, 2211115, 2211116, 2211117, 2211118, 2211119
221111A, 2211111, 2211112, 2211113, 2211114, 2211115, 2211116, 2211117, 2211118, 2211119
221111A, 2211111, 2211112, 2211113, 2211114, 2211115, 2211116, 2211117, 2211118, 2211119
221111A, 2211111, 2211112, 2211113, 2211114, 2211115, 2211116, 2211117, 2211118, 2211119
221112A, 2211124, 2211126, 2211127, 2211132, 2211133, 2211134, 2211135, 2211137, 2211138
221111A, 2211113, 2211114, 2211116, 2211118, 2211119, 2211122, 2211123, 2211127, 2211128
221111A, 2211111, 2211112, 2211113, 2211114, 2211115, 2211116, 2211117, 2211118, 2211119
221111A, 2211111, 2211112, 2211113, 2211114, 2211115, 2211116, 2211117, 2211118, 2211119
2211123, 2211126, 2211127, 221113A, 2211131, 2211132, 2211133, 2211134, 2211135, 2211136, 2211138, 2211139
2211126, 221113B, 221113C, 221113D, 221113E, 221113F, 2211131, 2211132, 2211133, 2211134, 2211135
2211113, 2211118, 2211122, 2211126, 2211127, 2211129, 221113E, 221113F, 2211133, 2211134, 2211135
221111A, 2211111, 2211112, 2211113, 2211114, 2211115, 2211116, 2211117, 2211118, 2211119
2211111, 2211114, 2211116, 2211118, 2211119, 221112A, 2211121, 2211123, 2211124, 2211128
221111A, 2211111, 2211112, 2211113, 2211114, 2211115, 2211116, 2211117, 2211118, 2211119
221112A, 2211126, 2211127, 2211128, 2211129, 2211131, 2211132, 2211133, 2211134, 2211135
221111A, 2211111, 2211112, 2211113, 2211114, 2211115, 2211116, 2211117, 2211118, 2211119
2211123, 221113G, 221113H, 221113I, 221113J, 221113K, 2211131, 2211132, 2211133, 2211134, 2211135
221112A, 2211121, 2211122, 2211123, 2211124, 2211126, 2211127, 2211128, 2211129
221111A, 2211112, 2211116, 221112A, 2211121, 2211122, 2211123, 2211124, 2211127, 2211128, 2211129
221111A, 2211111, 2211112, 2211113, 2211114, 2211115, 2211116, 2211117, 2211118, 2211119
221112A, 2211123, 2211126, 221113A, 2211132, 2211133, 2211134, 2211135, 2211137, 2211138, 2211139
221113B, 221113C, 221113D, 221113E, 221113F, 2211131, 2211132, 2211133, 2211134, 2211135
221111A, 2211111, 2211112, 2211113, 2211114, 2211115, 2211116, 2211117, 2211118, 2211119
221112A, 2211122, 2211123, 2211124, 2211126, 2211127, 2211128, 2211129
221111A, 2211111, 2211112, 2211113, 2211114, 2211115, 2211116, 2211117, 2211118, 2211119
221111A, 221112A, 2211121, 2211122, 2211123, 2211124, 2211126, 2211127, 2211128, 2211129
221111A, 2211111, 2211112, 2211113, 2211114, 2211115, 2211116, 2211117, 2211118, 2211119
2211115, 2211118, 221112A, 2211121, 2211122, 2211123, 2211124, 2211126, 2211127, 2211128
2211111, 2211117, 2211119, 221112A, 2211122, 2211123, 2211124, 2211129
221111A, 2211111, 2211112, 2211113, 2211114, 2211115, 2211116, 2211117, 2211118, 2211119
12111B9, 1211147, 1211154, 18111D5, 2211127, 2211128, 221113C, 2351113, 2961117, 2961119, 2961125

