1961111, 1961112, 1961117, 1961118, 1961119, 1961123, 1961124, 1961128
9991203, 9991503
196111B, 1961112, 1961114, 1961116, 1961117, 1961119, 1961121, 1961124, 1961129, 1961132
1961114, 1961116, 1961126
1961112, 1961124, 1961129, 1961133
196111B, 1961112, 1961119, 1961121, 1961124, 1961125, 1961128
1961119, 1961131, 1961132, 9991103, 9991104, 9991205
19611L4, 196111B, 1961112, 1961123
1961112, 1961123
19611G6, 196111B, 196111C
19511F4, 19511F7, 19511H9, 19611F2, 196111B, 196111C, 1961111, 1961112, 1961114, 1961116, 1961117, 1961118, 1961119, 1961121, 1961123, 1961124, 1961125, 1961126, 1961127, 1961128, 1961129, 1961131, 1961132, 1961133
19611G1, 19611H7, 19611J5, 19611J6, 19611K1, 19611L4, 1961128, 1961129, 1961131
196111B, 1961112, 1961116, 1961117, 1961119, 1961121, 1961126
1961112, 1961117
9991106, 9991303, 9991403
19611F1, 19611G1, 1961133, 99901ER, 9991104, 999117E, 999127E
19511F4, 19611H7, 19611L4, 1961123, 998110C, 9981111, 998113E, 998116C, 998126C
1961112, 1961131, 9991303, 9991403
1961129
1961112, 1961123, 1961129
1961116
19611G1, 19611J5, 1961121, 1961123, 1961124, 1961128, 1961129, 1961132, 1961133
1961131
19611G1, 19611G3, 19611J5, 1961123
1961111, 1961123, 1961129
1961131
19611J5, 19611K1, 196111C, 1961112, 1961122, 1961123, 1961124, 1961129, 1961131, 9991303, 9991403
196111B, 196111D, 1961112, 1961114, 1961116, 1961121, 1961122, 1961129
1961123, 1961129, 9991103
1961112, 1961129
1961121, 1961129, 1961131, 9991903
19611K3, 1961123, 1961128, 1961129
999113F, 9991203
1961112, 9991103, 9991203, 9991303
1961122, 1961128, 1961129, 998113H, 998117E, 998127E, 998133H, 998137E, 998143H
1961121
19511F4, 19611K3, 1961119, 1961123, 1961131, 1961132
18111D6, 19611F1, 19611G1, 19611I2, 19611J6, 196111B, 1961123, 1961124, 1961129, 1961131, 1961132
19611G7, 19611G8, 1961123, 1961129, 1961131, 999114E, 999124E, 999134E
1961112, 1961123, 1961128, 1961129, 998112E, 998122E
196111C, 1961131
196111C, 1961116, 1961117, 1961118, 1961119
1961112, 1961129, 9991903
1961117, 1961129
196111A, 1961112, 1961123, 1961128, 1961129
19611G7, 196111C, 1961114, 1961126, 1961131, 1961132
1961112, 1961129
196111B, 1961111, 1961114, 1961116, 1961118
9991107, 9991203, 9991303, 9991403
10011A2, 1881133, 1881137, 19611F2, 19611J6, 1961122, 1961123, 1961129, 1961131, 9991303
1961121, 1961123, 1961128, 1961129, 9991103, 9991104, 9991107, 9991109
1961123, 1961129
999111E
1961129
19611G6, 1961114, 1961116, 1961123, 1961131, 9991103
9991106
1961123, 9991203, 9991303
1961112, 1961123, 1961124, 1961129
196111A, 196111D, 1961112, 1961119, 1961124, 1961127, 1961129
1961123, 9991105, 999122E
1961123
19611I2, 1961131, 1961132
9991903
1961123
1961123, 9991109
9991104, 9991108
18111A8, 18111C1, 18111C6, 18111D6
18111A7, 18111B1, 1961122, 1961123, 9991103, 999112E
9991105, 9991203
1961111, 1961114, 1961116, 1961117, 1961118, 1961126
9991803, 9991903
9991103, 9991105
19611F2, 19611G3, 196111A, 196111B, 196111C, 196111D, 1961112, 1961116, 1961117, 1961118, 1961119, 1961121, 1961122, 1961123, 1961124, 1961127, 1961128, 1961129, 1961131, 1961132
196111B, 196111C, 1961111, 1961112, 1961114, 1961117, 1961118, 1961119, 1961121, 1961123, 1961126, 1961128, 1961129, 1961131, 1961132
19511G4, 19511G5, 19511H3, 19611G6, 1961112, 1961123, 1961128, 1961129
99901K3
1961128
19611F1, 19611G1, 19611G8, 196111C, 1961112, 1961117, 1961118, 1961119, 1961123, 1961126, 1961129
999111E
9991105, 9991903
1961123, 9991103, 9991206
1961123, 1961131
1961123
10011A2, 1881133, 1881137, 19611F2, 19611J6, 1961122, 1961123, 1961124, 1961129, 1961131
19611G7
1961124, 9991105
196111C, 1961112, 1961123, 1961126, 1961129, 1961131, 9991103
196111B, 1961118
19611K1, 196111A, 196111B, 1961116, 1961118, 1961119, 1961121, 1961123, 1961124, 1961128, 1961129
9991804, 9991903, 9991904
9991109
196111C, 1961112, 1961119, 1961123, 1961124, 1961128, 1961129
19611K1, 196111A, 196111B, 1961112, 1961121, 1961122, 1961123, 1961124, 1961128, 1961129, 1961131, 1961132, 998112E, 998113H, 998117E, 998122E, 998123H, 998127E, 998133H, 998137E, 998143H, 998153H, 998163H, 998173H
196111B, 196111C, 1961112, 1961116, 1961117, 1961118, 1961122, 1961123, 1961124, 1961126, 1961128, 1961129, 1961131, 1961132, 1961133
196111B, 1961112, 1961118, 1961121, 1961123, 1961128
196111B
1961112, 1961126, 1961127, 1961128, 1961129, 1961132
19611G6, 196111A, 196111B, 196111C, 1961111, 1961112, 1961114, 1961115, 1961116, 1961117, 1961118, 1961122, 1961126
1961112, 1961123
1961123
1961112, 1961128
1961112, 1961122, 1961123, 1961129, 9991403
19611F1, 19611G1, 19611I2, 1961112, 1961123, 1961131, 1961132
19611G3, 19611G7
1961122, 1961123, 9991103, 9991104, 9991201, 999133E
1961124, 1961131, 9991303, 9991407
1961123
19611G1, 196111A, 196111B, 1961112, 1961118, 1961121, 1961122, 1961123, 1961124, 1961128, 1961129
1961112, 1961119, 1961121, 1961128
1961129
1961116, 1961122, 1961123, 1961128, 999008W, 99901P3, 9991103, 9991105
18111A7, 18111A8, 18111A9, 18111B1, 19511H9, 19611G8, 1961112, 1961123, 1961124, 1961129, 9991103, 9991209, 9991304, 9991403, 9991503
9991101, 9991108, 9991201, 9991803, 9991903
9991105, 9991206
999110E, 9991103, 9991108, 999113E
196111B, 1961123, 1961128, 1961129, 9991107, 9991203
19611F1, 1961131, 99901EI, 99901EM, 99901FH, 99901F8
1961112, 1961118, 1961129
1961122, 1961123, 1961124
19611G6, 1961121, 1961122
1961112, 1961114, 1961119, 1961121, 1961122, 1961123, 1961124, 1961128, 1961129

