2961129, 296113I, 296113J, 296113Q, 296113T
188113B, 296112A,2961129, 296113J, 296113T, 296113V
296112A,2961129, 296113C, 296113J, 296113T, 296113V
2961112, 2961114, 2961117, 2961118, 2961122, 2961123, 2961126,2961129, 2961132, 2971117
296111A, 2961122, 2961126, 2961127, 296113F, 296113Q, 2961133, 2961134
12111D1, 12111D2, 12111E5, 18111B4, 18111C2, 18111C9, 18111D1, 18111D6, 18111D9, 296113J, 296113S
14011H8, 235112A, 2351126, 2391129
14011H8, 235112A, 2351126, 2391129
1811159
296112A, 2961122, 2961123, 2961124, 2961125, 2961126, 2961128,2961129
18111D5, 2211118, 2211119, 2351114, 2391115, 2391132, 296111A, 2961114, 2961127, 2961128, 2961134
296111A, 2961111, 2961112, 2961113, 2961114, 2961115, 2961116, 2961117, 2961118, 2961119
270111A, 2701128, 2961123, 2961128, 2961134
2961123, 2961124, 296113H, 296113I, 296113W, 296113Y, 2961134
296111A, 2961113, 2961121, 2961123, 2961126, 2961127, 2961128
18111D6, 2961119, 2961123, 2961124, 2961128, 296113A, 296113G, 296113R, 2961132
18411D1, 1841133, 26411C3
296111A, 2961111, 2961112, 2961113, 2961114, 2961115, 2961116, 2961117, 2961118, 2961119
296111A, 2961111, 2961112, 2961113, 2961114, 2961115, 2961116, 2961117, 2961118, 2961119
2961114, 2961118, 296112A, 2961121, 2961122, 2961123, 2961124, 2961125, 2961128
2961113, 2961114, 2961115, 2961121, 2961123, 2961127, 2961128,2961129, 296113Q
2961114, 2961118, 296112A, 2961121, 2961122, 2961123, 2961124, 2961125, 2961128
2961111, 2961113, 2961114, 2961115, 2961116, 2961118, 2961119
29611BA, 296111A, 2961111, 2961112, 2961113, 2961114, 2961115, 2961116, 2961117, 2961118, 2961119, 2961121, 2961122, 2961125, 2961126, 2961127,2961129, 296113D, 296113F, 296113H, 296113K, 2961131, 2961132, 2961134, 2961135, 9991106, 9991206
296111A, 2961111, 2961112, 2961113, 2961117, 2961119, 2961121, 2961122, 2961123, 2961128,2961129
296112A, 2961121, 2961122, 2961123, 2961124, 2961125, 2961126, 296113Q, 296113R, 296113T
2961115, 2961116, 296112A, 2961121, 2961122, 2961126, 2961128,2961129, 296113R, 2961134, 9981106, 998111E
2961115, 2961121, 2961123, 296113R, 296113S, 296113T, 296113U
296111A, 2961111, 2961112, 2961113, 2961114, 2961115, 2961116, 2961117, 2961118, 2961119
296111A, 2961111, 2961112, 2961113, 2961114, 2961115, 2961116, 2961117, 2961118, 2961119
296112A, 2961121, 2961122, 2961123, 2961124, 2961125, 2961126, 2961127, 2961128,2961129
2961113, 2961116, 2961118, 2961123, 2961126, 2961127,2961129
296111A, 2961111, 2961112, 2961113, 2961114, 2961115, 2961116, 2961117, 2961118, 2961119
296111A, 2961111, 2961112, 2961113, 2961114, 2961115, 2961116, 2961117, 2961118, 2961119
296111A, 2961111, 2961112, 2961113, 2961114, 2961115, 2961116, 2961117, 2961118, 2961119
296111A, 2961111, 2961112, 2961113, 2961114, 2961115, 2961116, 2961117, 2961118, 2961119
296111A, 2961111, 2961112, 2961113, 2961114, 2961115, 2961116, 2961117, 2961118, 2961119
296111A, 2961111, 2961112, 2961113, 2961114, 2961115, 2961116, 2961117, 2961118, 2961119, 2961128, 2961134, 2961135
296111A, 2961111, 2961112, 2961113, 2961114, 2961115, 2961116, 2961117, 2961118, 2961119, 2961128, 2961134
26711B1, 296113J, 296113Q, 296113Y
2961121, 2961124, 2961125, 2961126, 2961127, 2961128,2961129
296111A, 2961111, 2961112, 2961113, 2961114, 2961115, 2961116, 2961117, 2961118, 2961119, 2961126, 2961128, 2961134
296111A, 2961111, 2961112, 2961113, 2961114, 2961115, 2961116, 2961117, 2961118, 2961119
2961119, 296112A, 2961121, 2961122, 2961124, 2961125, 2961127,2961129
2961113, 2961114, 2961116, 2961118, 2961122, 2961123, 2961127, 2961128, 296113R, 2961134, 9981103, 9981106, 9981206
296111A, 2961111, 2961112, 2961113, 2961114, 2961115, 2961116, 2961117, 2961118, 2961119
296111A, 2961111, 2961112, 2961113, 2961114, 2961115, 2961116, 2961117, 2961118, 2961119, 296112A, 2961127, 2961128
2961118, 2961124, 2961125, 296113V, 296113W, 296113X, 296113Y, 296113Z, 2961131, 2961134, 2961135
296111A, 2961111, 2961112, 2961114, 2961115, 2961116, 2961117, 2961119
296111A, 2961111, 2961112, 2961113, 2961114, 2961115, 2961116, 2961117, 2961118, 2961119
296111A, 2961111, 2961112, 2961113, 2961114, 2961115, 2961116, 2961117, 2961118, 2961119
29611AA, 29611A2, 296111A, 2961111, 2961112, 2961113, 2961114, 2961115, 2961116, 2961117, 2961118, 2961119, 296112A, 2961122, 2961126, 2961127, 2961128,2961129, 296113A, 296113B, 296113C, 296113D, 296113E
2961111, 2961113, 2961115, 2961118, 2961125, 2961127, 2961128,2961129
2961118, 2961127, 296113J, 296113Q, 296113T, 296113V, 296113X
296111A, 2961111, 2961112, 2961113, 2961114, 2961115, 2961116, 2961117, 2961118, 2961119
18111A1, 18111B1, 18111D8, 18111D9, 1811141, 1811145
2961115, 2961124, 2961132, 2961134
18111B2, 18111C6, 18111D2, 1811143, 2961124, 296113X
296111A, 2961111, 2961112, 2961113, 2961114, 2961115, 2961116, 2961117, 2961118, 2961119
296111A, 2961111, 2961112, 2961113, 2961114, 2961115, 2961116, 2961117, 2961118, 2961119
296111A, 2961111, 2961112, 2961113, 2961114, 2961115, 2961116, 2961117, 2961118, 2961119
2961118, 296112A, 2961121, 2961122, 2961124, 2961125, 2961126, 2961127, 2961128, 2961133
296111A, 2961111, 2961112, 2961113, 2961114, 2961115, 2961116, 2961117, 2961118, 2961119
296111A, 2961111, 2961112, 2961113, 2961114, 2961115, 2961116, 2961117, 2961118, 2961119, 2961126, 2961128,2961129, 2961134, 2961135
2961112, 296112A, 2961123, 2961124, 2961125, 2961126, 296113W, 296113Y, 296113Z, 2961134
296111A, 2961111, 2961112, 2961113, 2961114, 2961115, 2961116, 2961117, 2961118, 2961119
296111A, 2961111, 2961112, 2961113, 2961114, 2961115, 2961117, 2961118
296111A, 2961111, 2961112, 2961113, 2961114, 2961115, 2961116, 2961117, 2961118, 2961119
296111A, 2961111, 2961112, 2961113, 2961114, 2961115, 2961116, 2961117, 2961118, 2961119
296111A, 2961111, 2961113, 2961115, 2961116, 2961117, 2961118, 2961121, 2961122, 2961123, 2961124, 2961125, 2961126, 2961127, 2961128,2961129, 296113V, 2961131
2961111, 2961121, 2961122, 2961123, 2961124, 2961126,2961129, 296113B, 296113D, 296113U
296113F, 296113G, 296113H, 296113I, 296113J, 2961131, 2961132, 2961133, 2961134, 2961135
296111A, 2961111, 2961112, 2961113, 2961114, 2961115, 2961116, 2961117, 2961118, 2961119
2961111, 2961112, 2961113, 2961114, 2961115, 2961126, 2961127,2961129
296111A, 2961112, 2961113, 296112A, 2961122, 2961125, 2961126, 2961128,2961129
296112A, 2961121, 2961122, 2961123, 2961124, 2961125, 2961126, 2961127, 2961128,2961129
296111A, 2961111, 2961112, 2961113, 2961114, 2961115, 2961116, 2961117, 2961118, 2961119, 296112A, 2961128,2961129, 2961134, 2961135
296111A, 2961111, 2961112, 2961113, 2961114, 2961115, 2961116, 2961117, 2961118, 2961119, 296112A, 2961121, 2961123, 2961125, 2961128
296111A, 2961111, 2961112, 2961113, 2961114, 2961115, 2961116, 2961117, 2961118, 2961119, 2961128, 2961134, 2961135
296112A, 2961121, 2961122, 2961123, 2961124, 2961125, 2961126, 2961127, 2961128,2961129
296111A, 2961111, 2961112, 2961113, 2961114, 2961115, 2961116, 2961117, 2961118, 2961119
2961111, 2961112, 2961115, 2961116, 2961118, 2961121, 2961123, 2961127, 2961128,2961129, 2961134
296112A, 2961125, 2961126, 2961127, 2961128,2961129, 296113D, 2961131, 2961132, 2961133, 2961134, 2961135
296111A, 2961111, 2961112, 2961113, 2961114, 2961115, 2961118, 2961119, 296112A, 2961121, 2961122, 2961123, 2961124, 2961125, 2961126, 2961127, 2961128,2961129, 2961131
296111A, 2961112, 296112A, 2961121, 2961122, 2961123, 2961124, 2961125, 2961127, 2961128,2961129
2961113, 2961116, 2961123, 296113V, 296113W, 296113X, 296113Y, 296113Z, 2961131, 2961132, 2961133, 2961134, 2961135
296111A, 2961111, 2961112, 2961113, 2961114, 2961115, 2961116, 2961117, 2961118, 2961119
29611A3, 29611CF, 296111A, 2961111, 2961112, 2961113, 2961114, 2961115, 2961117, 2961118, 2961119, 2961121, 2961122, 2961123, 2961124, 2961125, 2961126, 2961127, 2961128, 296113K, 296113T, 2961131, 2961132, 2961133, 2961134, 2961135, 296114A, 296114E
2961129, 296113K, 296113L, 296113M, 296113N, 296113P, 2961131, 2961132, 2961133, 2961134, 2961135
296113V, 296113W, 296113X, 296113Y, 296113Z, 2961131, 2961132, 2961133, 2961134, 2961135
2961114, 2961115, 2961116, 2961118, 296112A, 2961121, 2961123, 2961124, 2961125, 2961127, 2961128,2961129
296111A, 2961118, 2961122, 2961123, 2961124, 2961125,2961129, 296113G, 2961134
296111A, 2961111, 2961112, 2961113, 2961114, 2961115, 2961116, 2961117, 2961118, 2961119
29611A5, 29611DA, 296111A, 2961111, 2961112, 2961113, 2961114, 2961115, 2961116, 2961117, 2961118, 2961119, 296112A, 2961121, 2961126, 2961127, 2961128, 296113N, 296113P, 296113R, 296113Y, 2961131, 2961132, 2961133, 2961134, 2961135, 9991106
296111A, 2961111, 2961113, 296112A, 2961121, 2961122, 2961123, 2961126, 2961127, 2961128, 296113F, 296113G
296111A, 2961118, 2961121, 2961122, 2961123, 2961125, 2961127, 2961128,2961129
2961112, 2961115, 296112A, 2961121, 2961124, 2961125, 2961127,2961129
2961113, 296112A, 296113A, 296113C, 296113D, 296113E, 2961131, 2961132, 2961133, 2961134, 2961135
296113Q, 296113R, 296113S, 296113T, 296113U, 2961131, 2961132, 2961133, 2961134, 2961135
2961126, 296113A, 296113B, 296113C, 296113D, 296113E, 2961131, 2961132, 2961133, 2961134, 2961135
2961111, 2961115, 2961116, 2961121, 2961123, 2961127, 2961128, 296113V, 296113X, 296113Z, 2961133, 2961134, 9991106, 9991206, 9991306
296111A, 2961111, 2961112, 2961113, 2961117, 2961118, 2961127, 2961128, 2961134
296111A, 2961111, 2961112, 2961113, 2961114, 2961115, 2961116, 2961117, 2961118, 2961119, 2961127, 2961128
2961113, 296112A, 2961123, 2961127, 2961128, 296113H, 2961132, 2961133, 2961134
296111A, 2961111, 2961112, 2961113, 2961114, 2961115, 2961116, 2961117, 2961118, 2961119, 2961128, 2961134
2961111, 2961118, 2961122, 2961123, 2961124, 2961125, 2961126, 2961127,2961129, 296113X
296113F, 296113G, 296113H, 296113I, 296113J, 2961131, 2961132, 2961133, 2961134, 2961135
296111A, 2961111, 2961112, 2961113, 2961114, 2961115, 2961116, 2961117, 2961118, 2961119, 2961127, 2961128
296111A, 2961118, 296112A, 2961121, 2961122, 2961123, 2961124, 2961125, 2961127, 2961128,2961129, 2961134
296112A, 2961121, 2961124, 2961125, 2961127, 2961128,2961129
2961118, 296112A, 2961121, 2961122, 2961123, 2961124, 2961125, 2961126, 2961127, 2961128,2961129, 2961134
296111A, 2961111, 2961112, 2961113, 2961114, 2961115, 2961116, 2961117, 2961118, 2961119, 296112A, 2961121, 2961122, 2961124, 2961125, 2961126, 2961127, 2961128,2961129, 296113D, 2961132
296111A, 2961111, 2961112, 2961113, 2961114, 2961115, 2961116, 2961117, 2961118, 2961119
2961113, 2961114, 2961115, 2961116, 2961118, 296112A, 2961121, 2961123, 2961126,2961129
296112A, 2961121, 2961122, 2961123, 2961124, 2961125, 2961126, 2961127, 2961128,2961129, 2961134
296111A, 2961115, 2961118, 296112A, 2961121, 2961122, 2961123, 2961124, 2961125, 2961126, 2961127, 2961128,2961129, 2961134
296113Q, 296113R, 296113S, 296113T, 296113U, 2961132, 2961133, 2961134, 2961135
296112A, 2961121, 2961122, 2961123, 2961124, 2961125, 2961126, 2961127, 2961128,2961129
2961116, 296112A, 2961125, 296113V, 296113W, 296113X, 296113Y, 2961131, 2961133, 2961134, 2961135
296111A, 2961111, 2961112, 2961113, 2961114, 2961115, 2961116, 2961117, 2961118, 2961119, 2961128, 2961134, 2961135
296111A, 2961111, 2961112, 2961113, 2961114, 2961115, 2961116, 2961117, 2961118, 2961119, 2961127, 2961128, 2961134, 2961135
296113F, 296113G, 296113H, 296113I, 296113J, 2961131, 2961132, 2961133, 2961134, 2961135
2961111, 2961118, 2961121, 2961122, 2961127, 2961128,2961129
296113F, 296113G, 296113H, 296113I, 296113J, 2961131, 2961132, 2961133, 2961134, 2961135
2961115, 2961118, 296112A, 2961121, 2961123, 2961125, 2961127, 2961128
296111A, 2961111, 2961112, 2961113, 2961114, 2961115, 2961116, 2961117, 2961118, 2961119, 2961128, 2961134, 2961135
296112A, 2961121, 2961123, 2961126,2961129, 296113V, 296113W, 2961131, 2961132, 2961135
2961112, 2961113, 2961115, 2961116, 2961118, 2961119, 2961127, 2961128
296112A, 2961122, 2961123, 2961124, 2961126, 2961128, 296113H, 296113Q, 2961134
296111A, 2961111, 2961112, 2961113, 2961114, 2961115, 2961116, 2961117, 2961118, 2961119, 2961126, 2961127, 2961128
2961111, 2961112, 2961121, 2961122, 2961123, 2961124, 2961126, 2961127, 2961128,2961129
2961113, 2961114, 2961115, 2961116, 2961117, 2961118, 2961119, 2961123
296112A, 2961121, 2961122, 2961123, 2961124, 2961125, 2961126, 2961127, 2961128,2961129
296111A, 2961111, 2961112, 2961113, 2961116, 296112A, 2961123, 2961125, 2961126, 2961127, 2961128
2961112, 2961116, 296112A, 2961124, 2961125, 2961126,2961129
296111A, 2961111, 2961113, 2961114, 2961115, 2961118, 2961122, 2961127, 2961128
2961113, 2961124, 2961128, 296113D, 2961132, 2961134
296111A, 2961111, 2961112, 2961113, 2961114, 2961115, 2961116, 2961117, 2961118, 2961119, 2961127, 2961128
2961113, 2961114, 2961116, 296112A, 2961121, 2961122, 2961123, 2961125, 2961127, 2961128
2961121, 2961122, 2961123, 2961124, 2961125, 2961126, 2961128,2961129
296111A, 2961111, 2961113, 2961114, 2961115, 2961118, 2961128
2961111, 2961117, 2961121, 2961123, 2961124, 2961125, 2961126, 2961127, 2961128,2961129
296112A, 2961121, 2961122, 2961123, 2961124, 2961125, 2961126, 2961128,2961129, 2961131
2961116, 2961121, 2961122, 2961124, 2961127, 296113A, 296113B, 296113E, 2961131, 2961133
296111A, 2961111, 2961112, 2961113, 2961114, 2961115, 2961116, 2961117, 2961118, 2961119
2961111, 2961116, 2961117, 2961125, 2961126, 2961128,2961129, 2961133, 2961134, 2961135
296112A, 2961123, 2961125, 296113A, 296113B, 296113C, 296113D, 296113E, 2961131, 2961132, 2961133, 2961134, 2961135
296111A, 2961111, 2961112, 2961113, 2961114, 2961115, 2961116, 2961117, 2961118, 2961119
296111A, 2961111, 2961112, 2961113, 2961114, 2961115, 2961116, 2961117, 2961118, 2961119
296111A, 2961111, 2961112, 2961113, 2961114, 2961115, 2961116, 2961117, 2961118, 2961119
2961116, 2961121, 2961122, 2961123, 2961124, 2961125, 2961126, 2961128
296111A, 2961111, 2961112, 2961113, 2961114, 2961115, 2961116, 2961117, 2961118, 2961119
2961111, 2961112, 2961113, 2961114, 2961115, 2961118, 2961121, 2961124, 2961126, 2961127, 2961128,2961129
296112A, 296113F, 296113G, 296113H, 296113I, 296113J, 2961131, 2961132, 2961133, 2961134, 2961135
296111A, 2961111, 2961112, 2961113, 2961114, 2961115, 2961116, 2961117, 2961118, 2961119
296111A, 2961111, 2961112, 2961113, 2961114, 2961115, 2961116, 2961117, 2961118, 2961119
296113A, 296113B, 296113C, 296113D, 296113E, 2961131, 2961132, 2961133, 2961134, 2961135
296111A, 2961111, 2961112, 2961113, 2961114, 2961115, 2961116, 2961117, 2961118, 2961119
296111A, 2961111, 2961112, 2961113, 2961114, 2961115, 2961116, 2961117, 2961118, 2961119
18111D6, 2961123, 2961124, 296113F, 296113H, 296113I, 296113J, 296113Q, 2961132
296111A, 2961111, 2961112, 2961113, 2961114, 2961115, 2961116, 2961117, 2961118, 2961119
296111A, 2961111, 2961112, 2961113, 2961114, 2961115, 2961116, 2961117, 2961118, 2961119
296111A, 2961111, 2961112, 2961113, 2961114, 2961115, 2961116, 2961117, 2961118, 2961119
2961113, 2961114, 2961115, 2961118, 296112A, 2961121, 2961127, 2961128,2961129
296112A, 2961121, 2961123, 2961127, 2961128,2961129, 296113J, 296113Q, 2961133, 2961134, 2961135
2961114, 2961126, 2961128, 296113A, 296113B, 296113C, 296113D, 2961131, 2961132, 2961133
296111A, 2961111, 2961112, 2961113, 2961114, 2961115, 2961116, 2961117, 2961118, 2961119, 2961126, 2961128,2961129, 2961134, 2961135
2961111, 2961112, 2961114, 2961115, 2961116, 2961118, 2961122
2961111, 2961115, 2961118, 296112A, 2961122, 2961123, 2961125, 2961127, 2961128, 296113J
29611A3, 29611CF, 29611DA, 296111A, 2961111, 2961112, 2961113, 2961114, 2961115, 2961116, 2961118, 2961119, 2961122, 2961125, 2961127, 2961128, 296113F, 296113Q, 296113R, 296113S, 2961131, 2961134, 2961135, 296114J, 296114L
296111A, 2961111, 2961112, 2961113, 2961114, 2961115, 2961116, 2961117, 2961118, 2961119, 296112A, 2961127, 2961128,2961129
296113Q, 296113R, 296113S, 296113T, 296113U, 2961133, 2961134
296111A, 2961111, 2961112, 2961113, 2961114, 2961115, 2961116, 2961117, 2961118, 2961119, 2961128
296111A, 2961111, 2961112, 2961113, 2961114, 2961115, 2961116, 2961117, 2961118, 2961119
296113A, 296113B, 296113C, 296113D, 296113E, 2961131, 2961132, 2961133, 2961134, 2961135
296111A, 2961111, 2961112, 2961113, 2961114, 2961115, 2961116, 2961117, 2961118, 2961119
296111A, 2961111, 2961112, 2961113, 2961114, 2961115, 2961116, 2961117, 2961118, 2961119
296113V, 296113W, 296113X, 296113Y, 296113Z, 2961131, 2961132, 2961133, 2961134, 2961135
296111A, 2961111, 2961112, 2961113, 2961114, 2961115, 2961116, 2961117, 2961118, 2961119
296111A, 2961111, 2961112, 2961113, 2961114, 2961115, 2961116, 2961117, 2961118, 2961119
296111A, 2961111, 2961112, 2961113, 2961114, 2961115, 2961116, 2961117, 2961118, 2961119
296111A, 2961111, 2961112, 2961113, 2961114, 2961115, 2961116, 2961117, 2961118, 2961119
2961114, 2961115, 2961118, 296112A, 2961121, 2961122, 2961123, 2961124, 2961125, 2961127, 2961128,2961129
296111A, 2961111, 2961112, 2961113, 2961114, 2961115, 2961116, 2961117, 2961118, 2961119
2961114, 2961115, 2961127, 2961128, 296113Q, 296113R, 296113S, 296113T, 296113U, 2961132, 2961133, 2961134, 2961135
29611CF, 296111A, 2961111, 2961112, 2961113, 2961114, 2961115, 2961116, 2961117, 2961118, 2961119, 2961121, 2961122, 2961123, 2961125, 2961126, 2961127, 2961128,2961129, 296113K, 296113Y, 2961131, 2961134, 296114A
296111A, 2961111, 2961112, 2961113, 2961114, 2961115, 2961116, 2961117, 2961118, 2961119
296111A, 2961112, 2961121, 2961122, 2961123, 2961125, 2961127, 2961128, 2961134, 9981009
29611A3, 29611CB, 29611CF, 296111A, 2961111, 2961112, 2961113, 2961114, 2961115, 2961116, 2961117, 2961118, 2961119, 2961121, 2961127, 2961128, 296113K, 296113X, 2961131, 296114A
296111A, 2961111, 2961112, 2961113, 2961114, 2961115, 2961116, 2961117, 2961118, 2961119
296112A, 2961122, 2961123, 2961126,2961129, 296113V, 296113W, 296113X, 2961132, 2961134, 2961135
2961115, 2961118, 296113A, 296113B, 296113E, 2961131, 2961132, 2961133, 2961134, 2961135
2961113, 2961122, 2961125, 296113F, 296113G, 296113H, 296113J, 2961132, 2961133, 2961134, 2961135
2961122, 2961123, 2961125, 2961126, 2961127, 2961128,2961129
2961115, 2961118, 296112A, 2961121, 2961122, 2961123, 2961124, 2961126, 2961127,2961129, 9991106
296112A, 2961121, 2961122, 2961123, 2961124, 2961125, 2961126, 2961127, 2961128,2961129
2961116, 2961118, 296112A, 2961121, 2961122, 2961123, 2961124, 2961125, 2961127
2961115, 296113V, 296113W, 296113X, 296113Y, 296113Z, 2961131, 2961132, 2961133, 2961134, 2961135
296111A, 2961111, 2961112, 2961113, 2961114, 2961115, 2961116, 2961117, 2961118, 2961119
29611A3, 29611CF, 296111A, 2961111, 2961112, 2961113, 2961114, 2961115, 2961116, 2961117, 2961118, 2961119, 2961121, 2961122, 2961123, 2961124, 2961125, 2961126, 2961127, 2961128,2961129, 296113I, 296113K, 2961131, 2961132, 2961133, 2961134, 2961135, 296114A
296111A, 2961111, 2961115, 2961118, 2961119, 2961122, 2961125, 2961128
296111A, 2961111, 2961112, 2961113, 2961114, 2961115, 2961116, 2961117, 2961118, 2961119, 2961126, 2961128, 2961134, 2961135
2961118, 2961119, 2961122, 2961124, 2961126, 296113H, 296113Q, 2961132, 2961134, 2961135
296111A, 2961111, 2961112, 2961113, 2961114, 2961115, 2961116, 2961117, 2961118, 2961119
296111A, 2961111, 2961112, 2961113, 2961114, 2961115, 2961116, 2961117, 2961118, 2961119, 2961127, 2961128, 2961134, 2961135
296111A, 296112A, 2961121, 2961122, 2961123, 2961124, 2961125, 2961126, 2961127, 2961128,2961129, 296113J
2961113, 2961116, 296113A, 296113B, 296113C, 296113D, 296113E, 2961131, 2961133, 2961134
296111A, 2961111, 2961112, 2961113, 2961114, 2961115, 2961116, 2961117, 2961118, 2961119
2961118, 2961121, 2961122, 2961128, 296113F, 296113G, 296113H, 2961133, 2961134, 2961135
2961111, 2961112, 2961116, 296113Q, 296113R, 296113S, 296113T, 296113U, 2961131, 2961132, 2961133, 2961135
296111A, 2961111, 2961112, 2961113, 2961114, 2961115, 2961116, 2961117, 2961118, 2961119
296112A, 2961122, 2961123, 2961125, 2961126,2961129, 296113V, 296113W, 296113X, 2961132, 2961135
296111A, 2961111, 2961112, 2961113, 2961114, 2961115, 2961116, 2961117, 2961118, 2961119
296111A, 2961111, 2961112, 2961113, 2961114, 2961115, 2961116, 2961117, 2961118, 2961119
296113Q, 296113R, 296113S, 296113T, 296113U, 2961131, 2961132, 2961133, 2961134, 2961135
296111A, 2961111, 2961112, 2961113, 2961114, 2961115, 2961116, 2961117, 2961118, 2961119
296111A, 2961111, 2961112, 2961113, 2961114, 2961115, 2961116, 2961117, 2961118, 2961119
296111A, 2961111, 2961112, 2961113, 2961114, 2961115, 2961116, 2961117, 2961118, 2961119
296111A, 2961111, 2961112, 2961113, 2961114, 2961115, 2961116, 2961117, 2961118, 2961119
296112A, 2961121, 2961123, 2961124, 2961125, 2961128,2961129, 296113R, 296113S, 2961133
296113K, 296113L, 296113M, 296113N, 296113P, 2961131, 2961132, 2961133, 2961134, 2961135
296111A, 2961111, 2961112, 2961113, 2961114, 2961115, 2961116, 2961117, 2961118, 2961119
296111A, 2961111, 2961113, 2961114, 2961115, 2961116, 2961118, 2961119, 296112A, 2961121, 2961122, 2961123, 2961124, 2961125, 2961126, 2961127, 2961128,2961129, 2961131
2961113, 2961117, 296112A, 2961123, 2961126, 296113F, 296113H, 2961132, 2961133, 2961134, 2961135
296111A, 2961111, 2961112, 2961113, 2961114, 2961115, 2961117, 2961118, 2961119, 296112A, 2961121, 2961122, 2961123, 2961124, 2961125, 2961126, 2961127, 2961128,2961129
2961127, 296113A, 296113B, 296113C, 296113D, 296113E, 2961131, 2961132, 2961133, 2961134, 2961135
296111A, 2961111, 2961112, 2961113, 2961114, 2961115, 2961116, 2961117, 2961118, 2961119
2961111, 2961112, 2961113, 2961116, 2961117, 2961119, 2961121, 2961122, 2961126, 2961128
296111A, 2961111, 2961112, 2961113, 2961114, 2961115, 2961116, 2961117, 2961118, 2961119
2961116, 2961121, 2961124, 296113Q, 296113R, 296113S, 296113T, 296113U, 2961131, 2961132, 2961133, 2961134, 2961135
2961121, 2961122, 2961124, 2961125, 2961126, 2961127, 2961128,2961129
296113A, 296113Q, 296113U, 296113X
18111A4, 2961119, 296113A, 296113X
296111A, 2961111, 2961112, 2961113, 2961114, 2961115, 2961116, 2961117, 2961118, 2961119, 2961127, 2961128
296111A, 2961111, 2961112, 2961113, 2961114, 2961115, 2961116, 2961117, 2961118, 2961119
2961123, 2961126, 296113F, 296113G, 296113I, 296113J, 2961131, 2961132, 2961133, 2961134
296112A, 2961121, 2961122, 2961123, 2961124, 2961125, 2961126, 2961127, 2961128,2961129
296111A, 2961111, 2961112, 2961113, 2961114, 2961115, 2961116, 2961117, 2961118, 2961119
296111A, 2961111, 2961112, 2961113, 2961114, 2961115, 2961116, 2961117, 2961118, 2961119
296111A, 2961111, 2961112, 2961113, 2961114, 2961115, 2961116, 2961117, 2961118, 2961119
2961112, 2961114, 296112A, 2961121, 2961122, 2961123, 2961124, 2961125, 2961126, 2961127, 2961128,2961129, 296113A
29611A3, 29611CF, 2961114, 2961115, 2961117, 2961118, 2961119, 2961123, 2961125, 2961127, 2961128, 296113K, 296113T, 296113Y, 2961131, 2961133, 296114E
29611A3, 29611CF, 29611DB, 296111A, 2961111, 2961112, 2961113, 2961114, 2961115, 2961116, 2961117, 2961118, 2961119, 296112A, 2961122, 2961125, 2961126, 2961127, 2961128,2961129, 296113F, 296113G, 296113H, 296113R, 296113Y, 2961131, 2961132, 2961133, 2961134, 2961135, 296114E, 9991106, 9991206, 9991306, 9991406
29611CB, 29611CF, 296111A, 2961112, 2961113, 2961114, 2961115, 2961116, 2961117, 2961118, 2961119, 2961125, 296113J, 296113V, 2961131, 296114E, 9991106, 9991206
296111A, 2961112
296112A, 2961121, 2961122, 2961123, 2961124, 2961125, 2961126, 2961127, 2961128,2961129
296113Q, 296113R, 296113S, 296113T, 296113U, 2961131, 2961132, 2961133, 2961134, 2961135
296111A, 2961111, 2961112, 2961113, 2961114, 2961115, 2961116, 2961117, 2961118, 2961119
2961111, 2961113, 2961115, 2961117, 296112A, 2961121, 2961123, 2961127, 2961128,2961129
2961114, 2961118, 2961122, 296113F, 296113G, 296113H, 296113J, 2961133, 2961134
2961113, 2961114, 2961115, 2961119, 296112A, 2961123, 2961125, 2961128,2961129
296111A, 2961121, 2961127, 296113F, 296113G, 296113H, 296113I, 296113J, 2961131, 2961132, 2961133, 2961134, 2961135
29611A3, 296111A, 2961111, 2961112, 2961113, 2961114, 2961115, 2961116, 2961117, 2961118, 2961119, 296112A, 2961121, 2961122, 2961124, 2961125, 2961126, 2961127, 2961128,2961129, 296113D, 2961131, 2961132, 9991106, 999117E
296111A, 2961111, 2961112, 2961114, 2961115, 2961116, 2961117, 2961118, 2961119
2961111, 2961113, 2961114, 2961118, 296112A, 2961123, 2961125, 2961126, 2961127, 2961128
2961114, 2961115, 2961118, 2961119, 296112A, 2961128,2961129
296111A, 2961115, 2961128,2961129
2961112, 2961119, 2961128,2961129, 296113B, 296113D, 2961132, 2961133, 2961134, 2961135
296112A, 2961121, 2961122, 2961124, 2961125, 2961126, 2961127, 2961128,2961129, 2961134
296113Q, 296113R, 296113S, 296113T, 296113U, 2961131, 2961132, 2961133, 2961134, 2961135
296111A, 2961111, 2961112, 2961113, 2961114, 2961115, 2961116, 2961117, 2961118, 2961119
2961112, 2961113, 2961116, 296112A, 2961121, 2961122, 2961123, 2961124, 2961125,2961129
2961111, 2961112, 2961113, 296112A,2961129, 296113G, 296113I, 296113J, 2961133, 2961134
2961127, 2961128,2961129, 296113A, 296113B, 296113C, 296113D, 296113E, 2961131, 2961132, 2961133, 2961134, 2961135
296111A, 2961111, 2961112, 2961113, 2961114, 2961115, 2961116, 2961117, 2961118, 2961119, 2961128, 2961134, 2961135
296111A, 2961113, 2961114, 2961115, 2961116, 2961117, 2961118, 2961119
296113Q, 296113R, 296113S, 296113T, 296113U, 2961131, 2961132, 2961133, 2961134, 2961135
2961116, 2961118, 296112A, 2961121, 2961122, 2961123, 2961124, 2961126
2961111, 2961115, 2961128, 296113Q, 296113R, 296113S, 2961134
296113Q, 296113R, 296113S, 296113T, 296113U, 2961131, 2961132, 2961133, 2961134, 2961135
296112A, 2961121, 2961122, 2961124, 2961126,2961129, 296113N, 296113P, 2961132, 2961135
296111A, 2961111, 2961114, 2961115, 2961118, 2961127, 2961128
29611CF, 296111A, 2961111, 2961112, 2961113, 2961114, 2961115, 2961116, 2961117, 2961118, 2961119, 296112A, 2961122, 2961124, 2961126, 2961127, 2961128,2961129, 296113K, 2961131, 2961132, 2961133, 2961134, 2961135, 296114A, 296114E
2961112, 2961113, 2961116, 296112A, 2961121, 2961122, 2961123, 2961124, 2961125, 2961126, 2961127, 2961128,2961129
2961116, 296113Q, 296113R, 296113S, 296113T, 296113U, 2961131, 2961132, 2961133, 2961134, 2961135
296111A, 2961111, 2961112, 2961113, 2961114, 2961115, 2961116, 2961117, 2961118, 2961119
2961112, 2961123, 2961126, 2961127, 296113F, 296113H, 296113J, 2961132, 2961133, 2961134
296111A, 2961111, 2961126,2961129, 296113A, 296113B, 296113C, 2961132, 2961133, 2961134, 2961135
2961115, 2961118, 296112A, 2961121, 2961122, 2961123, 2961124, 2961125, 2961126, 2961127, 2961128,2961129, 2961134
296113F, 296113G, 296113H, 296113I, 296113J, 2961132, 2961133, 2961134, 2961135
29611A3, 29611CF, 296111A, 2961111, 2961112, 2961113, 2961114, 2961115, 2961116, 2961117, 2961118, 2961119, 296112A, 2961121, 2961122, 2961123, 2961124, 2961125, 2961126, 2961127, 2961128,2961129, 296113F, 296113Y, 2961131, 2961132, 2961134, 296114E
296111A, 2961111, 2961112, 2961113, 2961114, 2961115, 2961116, 2961117, 2961118, 2961119
296111A, 2961111, 2961112, 2961113, 2961114, 2961115, 2961116, 2961117, 2961118, 2961119
296111A, 2961111, 2961112, 2961113, 2961114, 2961115, 2961116, 2961117, 2961118, 2961119
296111A, 2961113, 2961121, 2961122, 2961123, 2961124, 2961126, 2961127, 2961128,2961129
2961118, 2961121, 2961123, 2961124, 2961126, 2961127,2961129, 296113Y, 2961131, 2961135
296113A, 296113B, 296113C, 296113D, 296113E, 2961131, 2961132, 2961133, 2961134, 2961135
2961112, 2961113, 2961118, 296112A, 2961121, 2961122, 2961125, 2961126,2961129
2961115, 2961116, 2961118, 296112A, 2961122, 2961123, 2961125, 2961128
296111A, 2961111, 2961112, 2961113, 2961114, 2961115, 2961116, 2961117, 2961118, 2961119, 2961128, 2961134, 2961135
2961116, 296112A, 2961121, 2961122, 2961123, 2961124, 2961125, 2961126, 2961127, 2961128,2961129
296111A, 2961111, 2961112, 2961113, 2961114, 2961115, 2961116, 2961117, 2961118, 2961119
2961111, 2961112, 2961113, 2961114, 2961116, 2961118, 296112A, 2961122, 2961125, 2961126
2961123, 2961126, 296113Q, 296113R, 296113S, 296113T, 296113U, 2961132, 2961134, 2961135
296111A, 2961111, 2961112, 2961113, 2961114, 2961115, 2961116, 2961117, 2961118, 2961119, 2961127, 2961128
296111A, 2961111, 2961112, 2961113, 2961114, 2961115, 2961116, 2961117, 2961118, 2961119
296111A, 2961111, 2961112, 2961113, 2961114, 2961115, 2961116, 2961117, 2961118, 2961119
2961116, 296112A, 2961121, 2961122, 2961123, 2961124, 2961125, 2961126, 2961127, 2961128,2961129, 2961134
296111A, 2961111, 2961113, 2961114, 2961115, 2961117, 2961118, 2961125, 2961127, 2961128, 2961134
296111A, 2961111, 2961112, 2961113, 2961114, 2961115, 2961116, 2961117, 2961118, 2961119
2961114, 2961115, 2961117, 2961118, 296112A, 2961123, 2961124, 2961125, 2961127
296111A, 296112A, 2961121, 2961122, 2961123, 2961124, 2961125, 2961126, 2961127, 2961128,2961129, 2961134
296111A, 2961115, 2961121, 2961123, 2961127, 2961128,2961129, 2961133, 2961134, 2961135, 9991106
276111W, 27911B1, 296113Q, 296113R
296111A, 2961118, 2961119, 2961121, 2961122, 2961123, 2961125, 2961127, 2961128
2961125, 296113V, 296113W, 296113X, 296113Y, 296113Z, 2961131, 2961132, 2961133, 2961134, 2961135
296112A, 2961121, 2961122, 2961123, 2961124, 2961125, 2961126, 2961127, 2961128,2961129
29611A3, 29611A5, 29611DA, 296111A, 2961111, 2961112, 2961113, 2961114, 2961115, 2961116, 2961117, 2961118, 2961119, 296112A, 2961121, 2961122, 2961123, 2961124, 2961125, 2961126, 2961127, 2961128,2961129, 296113F, 296113I, 296113R, 296113V, 296113W, 2961131, 2961132, 2961133, 2961134, 2961135, 296114J
296111A, 2961111, 2961112, 2961113, 2961114, 2961115, 2961116, 2961117, 2961118, 2961119
296111A, 2961111, 2961112, 2961113, 2961114, 2961115, 2961116, 2961117, 2961118, 2961119
296111A, 2961111, 2961112, 2961113, 2961114, 2961115, 2961116, 2961117, 2961118, 2961119, 2961121, 2961122, 2961123, 2961125, 2961126, 2961127, 2961128,2961129, 2961131
2961114, 2961116, 2961118, 296112A, 2961121, 2961122, 2961123, 2961124, 2961125, 2961126, 2961127, 2961128,2961129
296111A, 2961111, 2961112, 2961113, 2961114, 2961115, 2961116, 2961117, 2961118, 2961119, 2961128, 2961134
296111A, 2961111, 2961112, 2961113, 2961114, 2961115, 2961116, 2961117, 2961118, 2961119
29611CF, 296111A, 2961111, 2961112, 2961113, 2961114, 2961115, 2961116, 2961117, 2961118, 2961119, 296112A, 2961121, 2961122, 2961123, 2961125, 2961127, 2961128,2961129, 296113V, 296113X, 296113Y, 2961131, 2961134, 296114E, 296114J, 296114P, 9991106, 9991206, 9991306, 9991406, 9991506
296112A, 2961121, 2961122, 2961123, 2961124, 2961125, 2961126, 2961127,2961129, 2961134
296111A, 2961111, 2961112, 2961113, 2961114, 2961115, 2961116, 2961117, 2961118, 2961119
296113A, 296113B, 296113C, 296113D, 296113E, 2961131, 2961132, 2961133, 2961134, 2961135
2961114, 2961115, 296112A, 2961122, 2961123, 2961125, 2961126, 2961127, 2961128,2961129
296112A, 2961121, 2961122, 2961123, 2961124, 2961125, 2961126, 2961127, 2961128,2961129
296111A, 2961111, 2961112, 2961113, 2961114, 2961115, 2961116, 2961117, 2961118, 2961119
296111A, 2961111, 2961112, 2961113, 2961114, 2961115, 2961116, 2961117, 2961118, 2961119
296111A, 2961113, 2961114, 2961115, 2961118, 2961119, 2961125,2961129
296111A, 2961111, 2961112, 2961113, 2961114, 2961115, 2961116, 2961117, 2961118, 2961119, 296112A, 2961127, 2961128,2961129
296111A, 2961111, 2961112, 2961113, 2961116, 2961118, 2961119
2961111, 2961114, 2961122, 2961126, 2961127, 2961128,2961129
296111A, 2961111, 2961112, 296112A, 2961122, 2961123, 2961125, 2961126, 2961128,2961129
2961111,2961129, 296113V, 296113X, 296113Z, 2961132, 296114M, 296114P, 9981103, 9981906
296111A, 2961111, 2961112, 2961113, 2961114, 2961115, 2961116, 2961117, 2961118, 2961119
296111A, 2961113, 2961114, 296112A, 2961123, 2961125, 2961128,2961129
296111A, 2961111, 2961112, 2961113, 2961114, 2961115, 2961116, 2961117, 2961118, 2961119
296111A, 2961111, 2961112, 2961113, 2961114, 2961115, 2961116, 2961117, 2961118, 2961119
296111A, 2961111, 2961112, 2961113, 2961114, 2961115, 2961116, 2961117, 2961118, 2961119, 2961128, 2961134, 2961135
2961111, 2961112, 2961113, 296112A, 2961123, 2961125, 296113A, 296113B, 296113C, 296113D, 296113E, 2961133
296111A, 2961111, 2961112, 2961113, 2961114, 2961115, 2961116, 2961117, 2961118, 2961119
296111A, 2961111, 2961112, 2961113, 2961114, 2961115, 2961116, 2961117, 2961118, 2961119
296111A, 2961113, 2961118, 2961121, 2961123, 2961127, 2961128, 2961134
2961115, 2961121, 2961123, 2961127, 2961128,2961129, 296113R
2961111, 2961118, 296112A, 2961121, 2961123, 2961124, 2961125, 2961127, 2961128,2961129
296111A, 2961111, 2961112, 2961113, 2961114, 2961115, 2961116, 2961117, 2961118, 2961119
2961116, 296112A, 2961121, 2961122, 2961123, 2961124, 2961125, 2961126, 2961127, 2961128,2961129
296113F, 296113G, 296113H, 296113I, 296113J, 2961132, 2961133, 2961134, 2961135
296111A, 2961111, 2961112, 2961113, 2961114, 2961115, 2961116, 2961117, 2961118, 2961119, 2961121, 2961122, 2961125, 2961127, 2961128, 2961131, 296114J
296113V, 296113W, 296113X, 296113Y, 296113Z, 2961131, 2961132, 2961133, 2961134, 2961135
296111A, 2961111, 2961119, 2961121, 2961122, 2961123, 2961127, 2961128,2961129, 2961134
29611CB, 29611CF, 296111A, 2961111, 2961112, 2961113, 2961114, 2961115, 2961116, 2961117, 2961118, 2961119, 296112A, 2961122, 2961125, 2961127, 2961128, 2961131, 2961134, 9991106, 9991206
296113K, 296113L, 296113M, 296113N, 296113P, 2961131, 2961132, 2961133, 2961134, 2961135
296111A, 2961111, 2961112, 2961113, 2961114, 2961115, 2961116, 2961117, 2961118, 2961119, 2961127, 2961128,2961129, 2961134, 2961135
296111A, 2961111, 2961112, 2961113, 2961114, 2961115, 2961116, 2961117, 2961118, 2961119
296112A, 2961121, 2961122, 2961123, 2961124, 2961125, 2961126, 2961127, 2961128,2961129
2961112, 2961116, 2961126, 2961127, 296113H, 296113J, 296113Q, 2961133, 2961134, 2961135
18111C2, 18111D6, 1811143, 1811159, 296113J, 296113Q, 296113W, 2961132, 2961133
296111A, 2961111, 2961112, 2961113, 2961114, 2961115, 2961118, 2961127, 2961128,2961129
29611A3, 2961111, 2961112, 296113F, 296113G, 296113H, 296113I, 296113J, 296113L, 2961133, 2961134
296111A, 2961111, 2961112, 2961113, 2961114, 2961115, 2961116, 2961117, 2961118, 2961119
296111A, 2961111, 2961112, 2961113, 2961114, 2961115, 2961116, 2961117, 2961118, 2961119
2961113, 2961115, 2961118, 296112A, 2961121, 2961122, 2961123, 2961124, 2961125, 2961126, 2961127, 2961128,2961129
296111A, 2961111, 2961112, 2961113, 2961114, 2961115, 2961116, 2961117, 2961118, 2961119
296113Q, 296113R, 296113S, 296113T, 296113U, 2961131, 2961132, 2961133, 2961134, 2961135
29611A3, 296111A, 2961111, 2961112, 2961113, 2961115, 2961116, 2961117, 2961118, 2961119, 296112A, 2961122, 2961124, 2961125, 2961126, 2961127, 2961128,2961129, 296113A, 296113D, 296113F, 296113G, 296113K, 2961131, 2961132, 2961134, 2961135, 296114A, 296114G
296111A, 2961112, 2961113, 2961115, 2961116, 2961117, 2961118, 2961123, 2961127, 2961128
2961123, 2961124, 2961125, 296113F, 296113G, 296113H, 296113I, 296113J, 2961131, 2961132, 2961133, 2961134, 2961135
296111A, 2961118, 296112A, 2961121, 2961122, 2961123, 2961124, 2961125, 2961126, 2961127, 2961128,2961129
29611DB, 296111A, 2961112, 2961113, 2961114, 2961115, 2961116, 2961117, 2961118, 2961119, 2961125, 2961128, 296113J, 296113Y, 2961134, 9991106, 999114E, 9991206, 999124E
296111A, 2961111, 2961112, 2961113, 2961114, 2961115, 2961116, 2961117, 2961118, 2961119, 2961128, 2961134
296111A, 2961111, 2961112, 2961113, 2961114, 2961115, 2961116, 2961117, 2961118, 2961119, 2961127, 2961128
296112A, 2961123, 2961124, 2961125, 2961126, 2961128,2961129
296111A, 2961111, 2961112, 2961113, 2961114, 2961115, 2961116, 2961117, 2961118, 2961119
296113F, 296113G, 296113H, 296113I, 296113J, 2961131, 2961133, 2961134, 9991106, 9991206
2961119, 296112A, 2961123, 2961124,2961129, 296113F, 296113G, 2961134
296111A, 2961111, 2961112, 2961113, 2961114, 2961115, 2961116, 2961117, 2961118, 2961119
296111A, 2961111, 2961112, 2961113, 2961114, 2961115, 2961116, 2961117, 2961118, 2961119
2961111, 2961112, 2961113, 2961114, 2961115, 2961118, 296112A, 2961125, 2961127, 2961128,2961129
296111A, 2961111, 2961112, 2961113, 2961114, 2961115, 2961116, 2961117, 2961118, 2961119, 2961128, 2961134
296111A, 2961111, 2961112, 2961116, 2961119, 2961126, 2961128
296111A, 2961111, 2961112, 2961113, 2961114, 2961115, 2961116, 2961117, 2961118, 2961119
2961127, 2961128, 296113F, 296113G, 296113H, 296113I, 296113J, 2961131, 2961132, 2961133, 2961134, 2961135
296111A, 2961111, 2961112, 2961113, 2961114, 2961115, 2961116, 2961117, 2961118, 2961119
29611A3, 296111A, 2961111, 2961112, 2961113, 2961114, 2961115, 2961116, 2961117, 2961118, 2961121, 2961122, 2961123, 2961124, 2961125, 2961126, 2961127, 2961128,2961129, 296113D, 296113K, 296113Q, 296113R, 296113S, 296113T, 296113U, 2961132, 2961133, 2961134, 2961135
2961113, 2961115, 2961122, 2961123, 2961125, 2961126, 2961127, 2961128
296113F, 296113G, 296113H, 296113I, 296113J, 2961131, 2961132, 2961133, 2961134, 2961135
296111A, 2961111, 2961112, 2961113, 2961114, 2961115, 2961116, 2961117, 2961118, 2961119
296112A, 2961122, 2961124, 2961125,2961129, 296113V, 296113X
296111A, 2961111, 2961112, 2961113, 2961114, 2961115, 2961116, 2961117, 2961118, 2961119
29611CF, 296111A, 2961111, 2961112, 2961113, 2961114, 2961115, 2961116, 2961117, 2961118, 2961119, 2961121, 2961122, 2961123, 2961124, 2961125, 2961126, 2961127, 2961128, 296113K, 2961131, 2961132, 2961133, 2961134, 2961135
2961112, 2961113, 2961116, 2961122, 2961123, 2961124, 2961125, 2961126,2961129
2961121, 2961122, 2961123, 2961124,2961129, 296113R, 296113S, 296113T
296111A, 2961113, 2961114, 2961115, 2961118
296111A, 2961113, 296112A, 2961121, 2961123, 2961124, 2961125, 2961126, 2961127, 2961128,2961129, 2961134
29611A3, 296111A, 2961111, 2961112, 2961113, 2961114, 2961115, 2961116, 2961117, 2961118, 2961119, 296112A, 2961121, 2961123, 2961124, 2961125, 2961127, 2961128,2961129, 2961131
296113F, 296113G, 296113H, 296113I, 296113J, 2961131, 2961132, 2961133, 2961134, 2961135
296113F, 296113G, 296113H, 296113I, 296113J, 2961131, 2961132, 2961133, 2961134, 2961135
296113V, 296113W, 296113X, 296113Y, 296113Z, 2961131, 2961132, 2961133, 2961134, 2961135
296111A, 2961111, 2961112, 2961113, 2961114, 2961115, 2961116, 2961117, 2961118, 2961119
2961116, 296112A, 2961121, 2961122, 2961123, 2961124, 2961126, 2961127,2961129, 2961133
2961121, 2961122, 2961123, 2961124, 2961125, 2961128, 296113Q, 296113R, 296113T, 2961134
296112A, 2961121, 2961122, 2961123, 2961124, 2961125, 2961126, 2961127, 2961128,2961129
296111A, 2961111, 2961112, 2961113, 2961114, 2961115, 2961116, 2961117, 2961118, 2961119
296113A, 296113B, 296113C, 296113E, 2961131, 2961133, 2961134, 2961135, 999117E
296112A, 2961121, 2961122, 2961123, 2961124, 2961125, 2961126, 2961127, 2961128,2961129
2961112, 296112A, 2961121, 2961122, 2961123, 2961124, 2961125, 2961126,2961129, 296113A, 296113C, 296113E, 2961133
296112A, 2961125, 296113A, 296113B, 296113C, 296113D, 296113E, 2961131, 2961132, 2961133, 2961134, 2961135
296112A, 296113K, 296113M, 296113N, 296113P, 2961131, 2961132, 2961133, 2961134, 2961135
2961112, 296112A, 2961121, 2961124, 2961125, 2961126, 2961127, 2961128,2961129, 2961132
296111A, 2961111, 2961112, 2961113, 2961114, 2961115, 2961116, 2961118, 2961126, 2961128
296111A, 2961111, 2961112, 2961113, 2961114, 2961115, 2961116, 2961117, 2961118, 2961119
296111A, 2961113, 296112A, 2961124, 2961125, 2961127,2961129
2961115, 2961121, 2961122, 2961123, 2961124, 2961125, 2961126, 2961127, 2961128,2961129
2961124,2961129, 296113G, 296113H, 296113I, 296113J, 296113L, 296113N, 2961133, 2961134
2961114, 2961115, 2961116, 2961117, 2961118, 296112A, 2961123, 2961124, 2961125, 2961127
296111A, 2961111, 2961112, 2961113, 2961114, 2961115, 2961116, 2961117, 2961118, 2961119
296112A, 296113F, 296113G, 296113H, 296113J, 2961131, 2961132, 2961133, 2961134, 2961135
2961121, 2961122, 2961124, 2961127,2961129, 296113Q, 296113R, 296113T, 2961132, 2961133
296111A, 2961111, 2961112, 2961113, 2961114, 2961115, 2961116, 2961117, 2961118, 2961119
2961111, 2961115, 2961118, 296112A, 2961121, 2961123, 2961125, 2961127, 2961128,2961129
296111A, 2961111, 2961112, 2961113, 2961114, 2961115, 2961116, 2961117, 2961118, 2961119
296111A, 2961111, 2961112, 2961113, 2961114, 2961115, 2961116, 2961117, 2961118, 2961119
296111A, 2961111, 2961112, 2961113, 2961114, 2961115, 2961116, 2961117, 2961118, 2961119
2961115, 2961118, 2961121, 2961122, 2961124, 2961125, 2961126, 2961128, 296113N
296113Q, 296113R, 296113S, 296113T, 296113U, 2961132, 2961133, 2961134, 2961135
2961112, 296112A, 2961121, 2961124, 2961126,2961129, 296113F, 296113G, 2961131, 2961134
296111A, 2961111, 2961112, 2961113, 2961114, 2961115, 2961116, 2961117, 2961118, 2961119
296113A, 296113B, 296113C, 296113D, 296113E, 2961131, 2961132, 2961133, 2961134, 2961135
2961112, 2961113, 2961114, 2961115, 2961116, 2961118, 2961119, 2961121
2961121, 2961122, 2961124, 296113Q, 296113R, 296113S, 296113T, 296113U, 2961132, 2961133
29611CF, 296111A, 2961114, 2961115, 2961117, 2961118, 2961119, 296112A, 2961122, 2961123, 2961124, 2961125, 2961127, 2961128, 296113K, 2961131, 2961132, 2961133, 2961134, 2961135, 296114A, 9991106, 9991206, 9991306, 999144E, 999146H
296111A, 2961111, 2961115, 2961118, 2961121, 2961123, 2961127, 2961128, 2961134, 2961135
296111A, 2961121, 2961122, 2961123, 2961124, 2961127, 2961128,2961129, 296113Z, 2961134
29611A3, 29611A5, 29611DA, 296111A, 2961111, 2961112, 2961113, 2961114, 2961115, 2961116, 2961117, 2961118, 2961119, 2961121, 2961122, 2961123, 2961124, 2961125, 2961126, 2961127, 2961128, 296113F, 296113Q, 296113S, 296113T, 2961131, 2961132, 2961133, 2961134, 2961135, 296114E, 296114J, 9991106, 9991206
296111A, 2961111, 2961112, 2961113, 2961114, 2961115, 2961116, 2961117, 2961118, 2961119, 2961127, 2961128
296111A, 2961113, 2961118, 2961122, 2961123, 2961125, 2961127, 2961128,2961129, 2961134
296111A, 2961111, 2961112, 2961113, 2961114, 2961115, 2961116, 2961117, 2961118, 2961119
296111A, 2961111, 2961112, 2961113, 2961114, 2961115, 2961116, 2961117, 2961118, 2961119, 2961127, 2961128, 2961134
29611FA, 296111A, 2961113, 2961114, 2961115, 2961116, 2961117, 2961118, 2961119, 2961121, 2961122, 2961123, 2961125, 2961127, 2961128, 296113D, 296113G, 296113K, 296113S, 2961131, 2961133, 2961135, 296114A
29611BB, 29611BF, 29611CA, 296111A, 2961111, 2961112, 2961113, 2961114, 2961115, 2961116, 2961117, 2961118, 2961119, 296112A, 2961121, 2961122, 2961123, 2961124, 2961125, 2961126, 2961127, 2961128, 296113H, 296113K, 296113N, 296113P, 2961133, 2961134, 2961135, 296114I
29611CF, 296111A, 2961112, 2961113, 2961114, 2961115, 2961117, 2961118, 2961119, 296112A, 2961121, 2961123, 2961124, 2961125, 2961126, 2961127, 2961128,2961129, 2961131, 2961133, 2961134
2961111, 2961115, 2961118, 296112A, 2961121, 2961123, 2961125, 2961127, 2961128,2961129
296111A, 2961111, 2961112, 2961113, 2961115, 2961116, 2961117, 2961118, 2961119, 296112A, 2961121, 2961123, 2961125, 2961128
296111A, 2961111, 2961112, 2961114, 2961115, 2961117, 2961125, 2961127, 2961128
296111A, 2961111, 2961112, 2961113, 2961114, 2961115, 2961116, 2961117, 2961118, 2961119, 2961128,2961129, 2961134, 2961135
2961112, 2961116, 296113F, 296113G, 296113H, 296113I, 296113J, 2961131, 2961132, 2961133, 2961134, 2961135
296111A, 2961111, 2961112, 2961113, 2961114, 2961115, 2961116, 2961117, 2961118, 2961119
2961118, 296112A, 2961121, 2961122, 2961123, 2961124, 2961126,2961129
2961111, 2961112, 2961113, 2961114, 2961115, 2961116, 2961117, 2961118, 2961119
296111A, 2961111, 2961112, 2961113, 2961117, 2961127
296113A, 296113B, 296113C, 296113D, 296113E, 2961131, 2961132, 2961133, 2961134, 2961135
296111A, 2961111, 2961112, 2961114, 2961115, 2961116, 2961117, 2961118, 2961119, 2961122
296113A, 296113B, 296113C, 296113D, 296113E, 2961131, 2961132, 2961133, 2961134, 2961135
2961118, 2961121, 2961122, 2961126,2961129
2961111, 2961112, 2961113, 296112A, 2961121, 2961122, 2961126, 2961127, 2961128,2961129
2961111, 2961112, 2961116, 2961117
296111A, 2961111, 2961112, 2961113, 2961114, 2961115, 2961116, 2961117, 2961118, 2961119, 2961127, 2961128,2961129, 2961134, 2961135
296111A, 2961111, 2961112, 2961113, 2961114, 2961115, 2961116, 2961117, 2961118, 2961119
296111A, 2961111, 2961112, 2961113, 2961114, 2961115, 2961116, 2961117, 2961118, 2961119, 296112A, 2961126, 2961127, 2961128,2961129
2961118, 2961121, 2961123, 2961124, 2961127, 2961128,2961129, 2961134
296111A, 2961111, 2961112, 2961113, 2961114, 2961115, 2961116, 2961117, 2961118, 2961119
296113A, 296113B, 296113C, 296113D, 296113E, 2961131, 2961132, 2961133, 2961134, 2961135
296111A, 2961111, 2961112, 2961113, 2961114, 2961115, 2961116, 2961117, 2961118, 2961119, 2961121, 2961122,2961129
2961115, 2961124, 2961125, 2961128, 296113K, 296113L, 296113M, 296113N, 296113P, 2961132, 2961134, 2961135
2961113, 2961118, 2961119, 296112A, 2961124, 2961125, 296113V, 296113Z, 2961134, 9991106
29611A3, 296111A, 2961111, 2961112, 2961113, 2961114, 2961115, 2961116, 2961117, 2961118, 2961119, 296112A, 2961121, 2961122, 2961123, 2961125, 2961128,2961129, 296113D, 296113K, 2961131, 2961135
2961111, 2961114, 2961116, 2961118, 2961125, 2961127, 2961128, 296113Q, 296113W, 2961134
2961111, 2961118, 2961121, 2961122, 2961123, 2961124, 2961125, 2961127, 2961128,2961129
296111A, 2961111, 2961112, 2961113, 2961114, 2961115, 2961116, 2961117, 2961118, 2961119, 2961128, 2961134
2961114, 2961118, 2961119, 296112A, 2961121, 2961124, 2961125, 2961126, 2961127, 2961128,2961129
296111A, 2961111, 2961112, 2961113, 2961114, 2961115, 2961116, 2961117, 2961118, 2961119, 2961128,2961129, 2961134, 2961135
296111A, 2961111, 2961112, 2961113, 2961114, 2961115, 2961116, 2961117, 2961118, 2961119, 296112A, 2961121, 2961122, 2961123, 2961124, 2961125, 2961126, 2961127, 2961128,2961129, 296113K, 296113X, 2961132, 2961133, 2961134, 2961135, 9991106, 999117E, 9991206, 9991306
2961115, 2961118, 296112A, 2961121, 2961122, 2961125, 2961128,2961129
2961111, 2961113, 2961114, 2961128, 296113Q, 296113R, 296113U
296112A, 2961121, 2961122, 2961123, 2961124, 2961125, 2961126, 2961127, 2961128,2961129
2961111, 296112A, 2961122, 2961125, 2961126,2961129, 296113G, 2961134
296111A, 2961111, 2961112, 2961113, 2961114, 2961115, 2961116, 2961117, 2961118, 2961119
296111A, 2961111, 2961112, 2961113, 2961114, 2961115, 2961116, 2961117, 2961118, 2961119
296111A, 2961111, 2961112, 2961113, 2961114, 2961115, 2961116, 2961117, 2961118, 2961119, 2961128, 2961134, 2961135
296113V, 296113W, 296113X, 296113Y, 296113Z, 2961131, 2961132, 2961133, 2961134, 2961135
29611A5, 29611DA, 296111A, 2961111, 2961112, 2961113, 2961114, 2961115, 2961116, 2961117, 2961118, 2961119, 2961121, 296113R, 296113Y, 2961131, 2961132, 2961134, 296114J
296113Q, 296113R, 296113S, 296113T, 296113U, 2961131, 2961132, 2961133, 2961134, 2961135
29611A3, 29611A4, 296111A, 2961111, 2961112, 2961113, 2961114, 2961115, 2961116, 2961117, 2961118, 2961119, 296112A, 2961122, 2961124, 2961125, 2961127, 2961128, 9991106, 9991206
296111A, 2961111, 2961112, 2961113, 2961114, 2961115, 2961116, 2961117, 2961118, 2961119
296111A, 2961111, 2961112, 2961113, 2961114, 2961115, 2961116, 2961117, 2961118, 2961119, 2961127, 2961128
2961113, 296112A, 2961121, 2961122, 2961123, 2961124, 2961125, 2961126, 2961127, 2961128,2961129
2961119, 2961121, 2961122, 2961123, 2961124, 2961127, 2961128
2961115, 2961118, 2961126, 296113Q, 296113V, 2961132, 2961133, 2961135
2961116, 2961124, 2961125,2961129, 2961133, 2961134, 9981006
296111A, 2961111, 2961112, 2961113, 2961114, 2961115, 2961116, 2961117, 2961118, 2961119
296111A, 2961111, 2961112, 2961113, 2961114, 2961115, 2961116, 2961117, 2961118, 2961119, 2961121, 2961122, 2961124, 2961125, 2961126, 2961127, 2961128,2961129, 296113K, 2961133, 2961135, 9991106, 999117E
296111A, 2961111, 2961112, 2961113, 2961114, 2961115, 2961116, 2961117, 2961118, 2961119, 2961128, 2961134
296112A, 2961121, 2961122, 2961123, 2961124, 2961125, 2961126, 2961127, 2961128,2961129
2961123, 296113F, 296113G, 296113H, 296113I, 296113J, 2961131, 2961132, 2961133, 2961134, 2961135
296113Q, 296113R, 296113S, 296113T, 296113U, 2961131, 2961132, 2961133, 2961134, 2961135
2961111, 2961112, 296112A, 2961121, 2961124, 2961127, 2961128,2961129, 296113G, 296113H, 2961131, 2961133
29611A3, 29611CB, 29611CF, 296111A, 2961111, 2961112, 2961113, 2961114, 2961115, 2961116, 2961117, 2961118, 2961119, 296112A, 2961121, 2961122, 2961123, 2961124, 2961125, 2961126, 2961127, 2961128,2961129, 296113K, 296113T, 296113Y, 2961131
2961111, 2961113, 296112A, 2961121, 2961122, 2961123, 2961124, 2961125, 2961126, 2961127, 2961128,2961129
296111A, 296112A, 2961121, 2961122, 2961123, 2961124, 2961125, 2961127, 2961128,2961129, 2961134
2961111, 2961112, 2961113, 296113Q, 296113R, 296113S, 296113T, 296113U, 2961133, 2961135, 9991106
29611CA, 296111A, 2961111, 2961112, 2961113, 2961114, 2961115, 2961116, 2961117, 2961118, 2961119, 2961121, 2961122, 2961123, 2961124, 2961125, 2961126, 2961127, 2961128,2961129, 296113D, 296113K, 296113L, 296113M, 296113N, 2961131, 2961132, 2961135
296112A, 2961121, 2961122, 2961124, 2961125, 2961126, 2961127, 2961128,2961129
2961121, 2961124, 2961125, 2961127, 2961128,2961129, 296113X
2961112, 2961122, 2961123, 2961125, 296113X, 2961132, 2961133, 2961134, 9981006
2961111, 2961112, 296112A, 2961121, 2961123, 2961127, 2961128
296113V, 296113W, 296113X, 296113Y, 296113Z, 2961131, 2961132, 2961133, 2961134, 2961135
296112A, 2961121, 2961122, 2961123, 2961124, 2961125, 2961126, 2961127, 2961128,2961129
296112A, 2961121, 2961122, 2961123, 2961124, 2961125, 2961126, 2961127, 2961128,2961129
296111A, 2961111, 2961112, 2961113, 2961114, 2961115, 2961116, 2961117, 2961118, 2961119, 2961127, 2961128
29611A3, 296111A, 2961111, 2961112, 2961113, 2961114, 2961115, 2961116, 2961117, 2961118, 2961119, 296112A, 2961121, 2961122, 2961124, 2961125, 2961126, 2961127, 2961128,2961129, 296113F, 296113G, 296113H, 296113I, 296113J, 2961131, 2961132, 2961133, 2961134, 2961135, 296114E, 9991106, 9991206
296112A, 2961121, 2961122, 2961123, 2961124, 2961125, 2961126,2961129
296111A, 2961111, 2961112, 2961113, 2961114, 2961115, 2961116, 2961117, 2961118, 2961119
296113V, 296113W, 296113X, 296113Y, 296113Z, 2961131, 2961132, 2961133, 2961134, 2961135
29611A5, 296111A, 2961111, 2961112, 2961113, 2961114, 2961115, 2961116, 2961117, 2961118, 2961119, 2961131, 2961134
29611AA, 29611AE, 296111A, 2961111, 2961112, 2961113, 2961114, 2961115, 2961116, 2961117, 2961118, 2961119, 296112A, 2961121, 2961122, 2961124, 2961125, 2961126, 2961127, 2961128,2961129, 296113K, 2961131, 2961132, 2961133, 2961134, 2961135, 9991106, 999117E, 9991206
2961116, 296112A, 2961123, 2961125, 296113C, 296113D, 2961131, 2961132, 2961133
296111A, 2961111, 2961112, 2961113, 2961114, 2961115, 2961116, 2961117, 2961118, 2961119, 2961128, 2961134, 2961135
296112A, 2961122, 2961123, 2961125, 2961126, 2961127, 2961128,2961129
2961115, 2961118, 296112A, 2961121, 2961122, 2961124, 2961125, 2961126, 2961128,2961129
29611DA, 29611DB, 296111A, 2961111, 2961112, 2961113, 2961114, 2961115, 2961117, 2961118, 2961121, 2961122, 2961123, 2961124, 2961125, 2961126, 2961127, 2961128,2961129, 296113Q, 296113R, 296113S, 296113T, 296113U, 2961131, 2961132, 2961133, 2961134, 2961135, 296114J, 9991106
296111A, 2961111, 2961112, 2961113, 2961114, 2961115, 2961116, 2961117, 2961118, 2961119, 2961127, 2961128
2961122, 296113Q, 296113R, 296113S, 296113T, 296113U, 2961132, 2961133, 2961134, 2961135
296111A, 2961111, 2961112, 2961114, 2961116, 2961118, 2961128
296113F, 296113G, 296113H, 296113I, 296113J, 2961131, 2961132, 2961133, 2961134, 2961135
296112A, 2961121, 2961122, 2961123, 2961124, 2961125, 2961126, 2961127, 2961128,2961129, 2961134
2961111, 2961118, 2961121, 2961122, 2961123, 2961124, 2961126,2961129, 296113F, 296113J
296112A, 2961121, 2961122, 2961123, 2961124, 2961125, 2961126, 2961127, 2961128,2961129
2961114, 2961115, 2961122, 2961123, 2961125, 2961126, 2961127, 2961128, 2961133, 2961134
296112A, 2961121, 2961122, 2961123, 2961124, 2961125, 2961126, 2961127, 2961128,2961129, 296113G, 2961134
2961123, 296113F, 296113G, 296113H, 296113I, 296113J, 2961132, 2961133, 2961134
2961113, 2961122, 2961123, 2961124, 2961126, 2961127, 2961128,2961129, 296113X, 2961134
2961114, 2961116, 2961117, 2961118, 296112A, 2961121, 2961122, 2961124, 2961125,2961129
2961113, 2961115, 2961116, 296113K, 296113L, 296113M, 296113N, 296113P, 2961131, 2961132, 2961133, 2961134, 2961135
296111A, 2961118, 2961127, 296113F, 296113G, 296113H, 296113I, 296113J, 2961131, 2961132, 2961133, 2961134, 2961135
296111A, 2961111, 2961112, 2961113, 2961114, 2961115, 2961116, 2961117, 2961118, 2961119
2961118, 2961121, 2961122, 2961123, 2961125, 2961126, 2961128,2961129
296111A, 2961111, 2961112, 2961113, 2961114, 2961115, 2961116, 2961117, 2961118, 2961119
296112A, 2961121, 2961123, 2961125, 2961127, 2961128
2961112, 2961115, 2961118, 296112A, 2961123, 2961124, 2961125, 2961126, 2961127, 2961128,2961129
2961112, 2961116, 296112A, 2961122, 2961124, 2961125, 2961126
2961122, 2961126, 296113Q, 296113V, 296113X, 2961132, 2961133
2961112, 2961116, 296112A, 2961121, 2961123, 2961124, 2961125, 2961126, 2961127, 2961128,2961129, 296113J
296111A, 2961113, 2961114, 2961115, 2961117, 2961118, 2961119, 296112A, 2961121, 2961122, 2961123, 2961124, 2961126, 2961127, 2961128,2961129, 296113F, 296113H, 296113I, 296113J, 2961131, 2961132, 2961133, 2961134, 2961135, 296114E, 9991106, 9991206, 9991306
296111A, 2961112, 2961113, 2961114, 2961115, 2961118, 2961128
296111A, 2961111, 2961112, 2961114, 2961115, 2961117, 2961118, 2961119
296111A, 2961111, 2961112, 2961113, 2961114, 2961115, 2961116, 2961117, 2961118, 2961119, 296112A, 2961127, 2961128
296111A, 2961111, 2961112, 2961113, 2961114, 2961115, 2961116, 2961117, 2961118, 2961119, 2961128, 2961134, 2961135
2961116, 2961122, 2961123, 296113A, 296113B, 296113C, 296113D, 296113E, 2961131, 2961132, 2961133, 2961134, 2961135
29611CF, 296111A, 2961112, 2961113, 2961114, 2961115, 2961117, 2961118, 2961119, 2961121, 2961122, 2961123, 2961124, 2961127, 2961128, 296113F, 296113G, 296113H, 296113J, 2961131, 2961132, 2961134, 2961135, 9991106, 9991206
2961118, 296112A, 2961121, 2961122, 2961123, 2961124, 2961125, 2961126, 2961128,2961129
296111A, 2961111, 2961112, 2961113, 2961114, 2961115, 2961116, 2961117, 2961118, 2961119
2961118, 2961121, 2961122, 2961123, 2961125, 2961126, 2961127, 2961128
2961111, 2961113, 2961117, 2961118, 2961119, 2961121,2961129
2961116, 296113F, 296113G, 296113H, 296113I, 296113J, 2961131, 2961132, 2961133, 2961134, 2961135
296112A, 2961124, 2961125, 2961126, 2961128,2961129
2961115, 2961128, 296113Q, 296113R, 296113S, 296113T, 296113U, 2961131, 2961132, 2961133, 2961134, 2961135
296111A, 2961112, 2961113, 2961116
2961113, 2961121, 2961124, 296113A, 296113B, 296113C, 296113D, 296113E, 2961131, 2961132, 9991103
29611A3, 2961116, 296113F, 296113G, 296113H, 296113I, 296113J, 296113L, 2961131, 2961133, 2961134
296112A, 2961121, 2961122, 2961123, 2961124, 2961125, 2961126, 2961127, 2961128,2961129
2961115, 296113K, 296113L, 296113M, 296113N, 296113P, 2961131, 2961132, 2961133, 2961134, 2961135
296111A, 2961111, 2961112, 2961113, 2961114, 2961115, 2961116, 2961117, 2961118, 2961119
296112A, 296113V, 296113W, 296113X, 296113Y, 296113Z, 2961131, 2961132, 2961133, 2961134, 2961135
296112A, 2961121, 2961122, 2961123, 2961124, 2961125, 2961126, 2961127, 2961128,2961129
296111A, 2961111, 2961112, 2961113, 2961114, 2961115, 2961116, 2961117, 2961118, 2961119
296113A, 296113B, 296113C, 296113D, 296113E, 2961131, 2961132, 2961133, 2961134, 2961135
296111A, 2961111, 2961112, 2961113, 2961114, 2961115, 2961116, 2961117, 2961118, 2961119
2961123, 2961128, 296113F, 296113G, 296113H, 296113I, 296113J, 2961131, 2961132, 2961133, 2961134, 2961135
296111A, 2961111, 2961112, 2961113, 2961114, 2961115, 2961116, 2961117, 2961118, 2961119
2961111, 2961112, 2961113, 2961114, 2961115, 2961116, 2961118, 296112A, 2961126, 2961127
296111A, 2961111, 2961112, 2961113, 2961114, 2961115, 2961116, 2961117, 2961118
296111A, 2961111, 2961112, 2961113, 2961114, 2961115, 2961116, 2961117, 2961118, 2961119
2961116, 296112A, 2961121, 2961122, 2961123, 2961124, 2961125, 2961126, 2961127, 2961128,2961129
296111A, 2961111, 2961112, 2961113, 2961114, 2961115, 2961116, 2961117, 2961118, 2961119
296111A, 2961111, 2961112, 2961113, 2961114, 2961115, 2961116, 2961117, 2961118, 2961119
296111A, 2961111, 2961112, 2961113, 2961114, 2961115, 2961116, 2961117, 2961118, 2961119
296113A, 296113B, 296113C, 296113D, 296113E, 2961131, 2961132, 2961133, 2961134, 2961135
2961114, 2961115, 2961118, 296112A, 2961121, 2961122, 2961123, 2961124, 2961125, 2961126, 2961127, 2961128,2961129
296111A, 2961111, 2961112, 2961113, 2961114, 2961115, 2961116, 2961117, 2961118, 2961119
296111A, 2961111, 2961112, 2961113, 2961114, 2961115, 2961116, 2961117, 2961118, 2961119
296112A, 2961121, 2961122, 2961123, 2961124, 2961125, 2961126, 2961127, 2961128,2961129
296111A, 2961111, 2961112, 2961113, 2961114, 2961115, 2961116, 2961117, 2961118, 2961119
296111A, 2961111, 2961113, 296112A, 2961121, 2961124, 2961125, 2961126, 2961128,2961129
296111A, 2961111, 2961112, 2961113, 2961114, 2961115, 2961116, 2961117, 2961118, 2961119
296111A, 2961111, 2961112, 2961113, 2961114, 2961115, 2961116, 2961117, 2961118, 2961119
296111A, 2961111, 2961112, 2961113, 2961114, 2961115, 2961116, 2961117, 2961118, 2961119
296111A, 2961111, 2961112, 2961113, 2961114, 2961115, 2961116, 2961117, 2961118, 2961119
296111A, 2961112, 296113A, 296113B, 296113C, 296113D, 296113E, 2961131, 2961132, 2961133, 2961134, 2961135
29611A3, 296111A, 2961111, 2961112, 2961113, 2961114, 2961115, 2961117, 2961118, 296112A, 2961121, 2961122, 2961123, 2961124, 2961125, 2961126, 2961127, 2961128,2961129, 2961131, 2961134
29611A3, 296111A, 2961111, 2961112, 2961113, 2961114, 2961115, 2961116, 2961117, 296112A, 2961121, 2961122, 2961123, 2961124, 2961125, 2961126, 2961128, 2961131, 2961134
29611A3, 29611CF, 296111A, 2961111, 2961112, 2961113, 2961114, 2961115, 2961117, 2961118, 2961119, 296112A, 2961121, 2961122, 2961123, 2961124, 2961125, 2961126, 2961127, 2961128,2961129, 296113T, 2961131, 2961133, 2961134
296111A, 2961111, 2961113, 2961114, 2961115, 2961125, 2961127, 2961128, 296113Q
2961118, 296112A, 2961122, 2961124, 2961125, 2961126, 296113R, 296113S, 296113T, 2961131, 2961132
2961111, 296112A, 2961121, 2961122, 2961123, 2961124, 2961125, 2961126, 2961127, 2961128,2961129
29611CF, 29611DA, 296111A, 2961111, 2961113, 2961114, 2961115, 2961116, 2961117, 2961118, 2961119, 2961123, 2961124, 2961125, 2961128,2961129, 296113F, 2961131, 2961132, 2961134
296111A, 2961111, 2961112, 2961113, 2961114, 2961115, 2961116, 2961117, 2961118, 2961119, 296112A, 2961125, 2961126, 2961128, 2961131
296111A, 2961111, 2961112, 2961113, 2961114, 2961115, 2961116, 2961117, 2961118, 2961119
296111A, 2961111, 2961112, 2961113, 2961115, 2961116, 2961118, 2961123, 2961127, 2961128
296111A, 2961111, 2961113, 2961115, 2961117, 2961118, 296112A, 2961124, 2961125, 2961126, 2961127, 2961128,2961129, 2961131, 2961132, 2961133, 2961134, 2961135
2961114, 296112A, 2961121, 2961122, 2961124, 2961125, 2961126, 2961127, 2961128,2961129
2961116, 2961125, 2961126, 2961128, 296113A, 296113B, 296113C, 296113D, 296113E, 2961131, 2961132, 2961133, 2961134, 2961135
296113A, 296113B, 296113C, 296113D, 296113E, 2961131, 2961132, 2961133, 2961134
296111A, 2961111, 2961112, 2961113, 2961114, 2961115, 2961116, 2961117, 2961118, 2961119
2961114, 2961115, 2961118, 296112A, 2961121, 2961122, 2961123, 2961124, 2961125, 2961126, 2961127, 2961128,2961129
296111A, 2961111, 2961112, 2961113, 2961114, 2961115, 2961116, 2961117, 2961118, 2961119
2961118, 296112A, 2961121, 2961122, 2961123, 2961124, 2961125, 2961126, 2961128,2961129
296111A, 2961111, 2961112, 2961113, 2961114, 2961115, 2961116, 2961117, 2961118, 2961119
2961115, 2961118, 296112A, 2961121, 2961123, 2961124, 2961125, 2961126, 2961127, 2961128,2961129
296111A, 2961111, 2961112, 2961115, 2961116, 2961117, 2961118, 2961123, 2961127, 2961128
2961112, 2961113, 2961114, 2961115, 2961116, 2961117, 2961118, 2961119, 2961126
296111A, 2961111, 2961112, 2961113, 2961114, 2961115, 2961116, 2961117, 2961118, 2961119
2961115, 2961118, 296112A, 2961121, 2961123, 2961125, 2961127, 2961128
2961115, 296113K, 296113L, 296113M, 296113N, 296113P, 2961131, 2961132, 2961133, 2961134, 2961135
296112A, 2961121, 2961123, 2961124, 2961125, 2961126, 2961127, 2961128,2961129
296111A, 2961111, 2961112, 2961113, 2961114, 2961115, 2961116, 2961117, 2961118, 2961119
296111A, 2961111, 2961112, 2961113, 2961114, 2961115, 2961116, 2961117, 2961118, 2961119
296111A, 2961111, 2961112, 2961113, 2961114, 2961115, 2961116, 2961117, 2961118, 2961119
2961112, 2961114, 2961115, 2961117, 2961118, 2961124, 2961125, 2961127, 2961128,2961129
2961115, 2961118, 296112A, 2961121, 2961123, 2961125, 2961127, 2961128
2961121, 2961122, 2961123, 2961127, 2961128,2961129, 296113Q, 296113R, 9991102
296111A, 2961111, 2961112, 2961113, 2961114, 2961115, 2961116, 2961117, 2961118, 2961119
2961112, 296113Q, 296113R, 296113S, 296113T, 296113U, 2961131, 2961132, 2961133, 2961134, 2961135
2961111, 296112A, 2961121, 2961122, 2961123, 2961124, 2961125, 2961126, 2961127, 2961128,2961129
296111A, 2961111, 2961112, 2961113, 2961114, 2961115, 2961116, 2961117, 2961118, 2961119
296111A, 2961111, 2961112, 2961113, 2961114, 2961115, 2961116, 2961117, 2961118, 2961119
296111A, 2961111, 2961112, 2961113, 2961114, 2961115, 2961116, 2961117, 2961118, 2961119
296111A, 2961111, 2961112, 2961113, 2961114, 2961115, 2961116, 2961117, 2961118, 2961119
296111A, 2961111, 2961112, 2961113, 2961114, 2961115, 2961116, 2961117, 2961118, 2961119
296113K, 296113L, 296113M, 296113N, 296113P, 2961131, 2961132, 2961133, 2961134, 2961135, 9991106
296111A, 2961111, 2961112, 2961113, 2961114, 2961115, 2961116, 2961117, 2961118, 2961119
296111A, 2961111, 2961112, 2961113, 2961114, 2961115, 2961116, 2961117, 2961118, 2961119
296111A, 2961111, 2961112, 2961113, 2961114, 2961115, 2961116, 2961117, 2961118, 2961119
2961111, 2961112, 2961114, 2961115, 2961118, 2961119, 296112A, 2961125, 2961127, 2961128
296111A, 2961111, 2961112, 2961113, 2961114, 2961115, 2961116, 2961117, 2961118, 2961119
2961111, 2961115, 2961118, 296112A, 2961123, 2961124, 2961125, 2961127, 2961128,2961129
296112A, 2961121, 2961122, 2961123, 2961124, 2961125, 2961126, 2961127, 2961128,2961129
296111A, 2961111, 2961112, 2961113, 2961114, 2961115, 2961116, 2961117, 2961118, 2961119
296111A, 2961111, 2961112, 2961113, 2961114, 2961115, 2961118, 2961127, 2961128,2961129
296111A, 2961111, 2961112, 2961113, 2961114, 2961115, 2961118, 2961128
2961111, 2961112, 2961113, 2961114, 2961115, 2961116, 2961118
296111A, 2961111, 2961112, 2961113, 2961114, 2961115, 2961116, 2961117, 2961118, 2961119
296111A, 2961111, 2961112, 2961113, 2961114, 2961115, 2961116, 2961117, 2961118, 2961119
296111A, 2961111, 2961112, 2961113, 2961114, 2961115, 2961116, 2961117, 2961118, 2961119
2961111, 2961112, 2961113, 2961115, 2961116, 2961118, 2961128
296111A, 2961111, 2961112, 2961113, 2961114, 2961115, 2961116, 2961117, 2961118, 2961119
296111A, 2961111, 2961112, 2961113, 2961114, 2961115, 2961116, 2961117, 2961118, 2961119
296111A, 2961111, 2961112, 2961113, 2961114, 2961115, 2961116, 2961117, 2961118, 2961119
296111A, 2961111, 2961112, 2961113, 2961114, 2961115, 2961116, 2961117, 2961118, 2961119
296111A, 2961111, 2961112, 2961113, 2961114, 2961115, 2961116, 2961117, 2961118, 2961119
296111A, 2961111, 2961112, 2961113, 2961114, 2961115, 2961116, 2961117, 2961118, 2961119
2961121, 2961122, 2961125, 296113F, 296113G, 296113H, 296113I, 296113J, 2961132, 2961133, 2961134, 2961135
2961112, 2961113, 2961116, 2961121, 2961128, 296113F, 296113G, 296113I, 296113J, 2961131, 2961132, 2961134
296112A, 296113Q, 296113R, 296113S, 296113T, 296113U, 2961133, 2961134, 2961135
2961111, 2961114, 2961115, 2961118, 2961121, 2961123, 2961127, 2961128,2961129, 296113Q
2961113, 2961114, 2961115, 2961118, 2961119,2961129, 296113Q
296111A, 2961111, 2961112, 2961113, 2961114, 2961115, 2961116, 2961117, 2961118, 2961119
296113V, 296113W, 296113X, 296113Y, 296113Z, 2961131, 2961132, 2961133, 2961134, 2961135
296111A, 2961111, 2961112, 2961113, 2961114, 2961115, 2961116, 2961117, 2961118, 2961119
296111A, 2961111, 2961112, 2961113, 2961115, 2961117, 2961118, 296112A, 2961123, 2961127, 2961128
29611CF, 296111A, 2961111, 2961113, 2961115, 2961116, 2961117, 2961118, 2961119, 296113Y, 2961131, 2961134, 296114J
296112A, 2961123, 2961124, 2961125, 2961126,2961129, 296113H, 296113J, 2961132, 2961133, 2961134
296111A, 2961118, 296112A, 2961121, 2961122, 2961123, 2961124, 2961125, 2961126, 2961127, 2961128,2961129
296111A, 2961111, 2961112, 2961113, 2961114, 2961115, 2961116, 2961117, 2961118, 2961119, 296112A, 2961121, 2961122, 2961123, 2961124, 2961125, 2961126, 2961127, 2961128,2961129, 296113A, 296113C, 296113D, 296113F, 296113K, 2961131, 2961132, 2961133, 2961134, 2961135
296111A, 2961111, 2961112, 2961113, 2961114, 2961116, 2961119, 2961128, 2961134, 2961135
2961111, 2961114, 2961118, 2961121, 2961124, 2961127, 2961128
2961125, 296113F, 296113G, 296113H, 296113I, 296113J, 2961131, 2961132, 2961133, 2961134, 2961135
296112A, 2961121, 2961122, 2961123, 2961124, 2961125, 2961126, 2961127,2961129
296113A, 296113B, 296113C, 296113D, 296113E, 2961131, 2961132, 2961133, 2961134, 2961135
2961122, 2961124, 2961126, 296113F, 296113G, 296113H, 296113J, 2961132, 2961133, 2961134, 2961135
296113F, 296113G, 296113H, 296113I, 296113J, 2961131, 2961132, 2961133, 2961134, 2961135
296111A, 2961111, 2961112, 2961113, 2961114, 2961115, 2961116, 2961117, 2961118, 2961119, 2961121, 2961122, 2961124, 2961125, 2961126, 2961127, 2961128,2961129, 296113K, 2961133, 2961135, 9991106, 999117E
296111A, 2961111, 2961112, 2961118, 296112A, 2961121, 2961123, 2961128,2961129
2961112, 2961115, 296112A, 2961121, 2961128,2961129, 296113F, 296113G, 2961131, 2961134
296111A, 2961111, 2961112, 2961113, 2961114, 2961115, 2961116, 2961117, 2961118, 2961119, 2961127, 2961128
2961116, 296112A, 2961122, 2961123, 2961124, 2961125, 2961133
296111A, 2961113, 2961114, 2961116, 2961118, 2961125, 2961128,2961129, 2961133
296111A, 2961112, 2961115, 2961118, 296112A, 2961121, 2961122, 2961123, 2961128,2961129
296111A, 2961111, 2961112, 2961113, 2961114, 2961115, 2961116, 2961117, 2961118, 2961119
296111A, 2961111, 2961112, 2961113, 2961114, 2961115, 2961116, 2961117, 2961118, 2961119
2961112, 296112A, 2961121, 2961122, 2961123, 2961124, 2961125, 2961126, 2961127,2961129
2961123, 2961127, 296113F, 296113G, 296113H, 296113I, 296113J, 2961132, 2961133, 2961134
2961113, 2961118, 296112A, 2961121, 2961122, 2961123, 2961124, 2961125, 2961126, 2961127, 2961128,2961129, 2961134
296111A, 2961111, 2961112, 2961113, 2961114, 2961115, 2961116, 2961117, 2961118, 2961119
296111A, 2961111, 2961112, 2961113, 2961114, 2961115, 2961116, 2961117, 2961118, 2961119
29611A3, 29611CF, 296111A, 2961111, 2961112, 2961113, 2961114, 2961115, 2961116, 2961117, 2961118, 2961119, 296112A, 2961121, 2961122, 2961123, 2961125, 2961127, 2961128,2961129, 296113V, 296113Y, 2961131, 2961132, 2961133, 2961134, 2961135, 296114E, 296114P, 9991106, 9991206, 9991303
296111A, 2961111, 2961112, 2961114, 2961115, 2961118, 296112A, 2961125, 2961127, 2961128
296112A, 2961123, 2961124, 2961126, 2961127, 2961128, 2961133, 2961134, 2961135
296111A, 2961111, 2961115, 2961116, 296112A, 2961122, 2961125
2961116, 2961121, 2961122, 2961123, 2961124, 2961126,2961129, 296113W, 296113X, 2961135
296111A, 2961112, 2961115, 2961118, 2961125, 2961128,2961129
2961113, 2961122, 2961123, 2961124, 2961125, 2961126,2961129, 296113G, 296113J, 2961134
296111A, 2961111, 2961112, 2961113, 2961114, 2961115, 2961116, 2961117, 2961118, 2961119, 2961127, 2961128
296111A, 2961111, 2961113, 2961115, 2961118, 2961119, 2961128
2961121, 2961123, 2961127, 2961128, 296113R
296111A, 296112A, 2961124, 296113V, 296113X, 296113Y, 2961132, 2961134, 2961135, 9981006
296113A, 296113B, 296113C, 296113D, 296113E, 2961131, 2961132, 2961133, 2961134, 2961135
296113Q, 296113R, 296113S, 296113T, 296113U, 2961131, 2961132, 2961133, 2961134, 2961135
296113Q, 296113R, 296113S, 296113T, 296113U, 2961131, 2961132, 2961133, 2961134, 2961135
2961118, 296112A, 2961121, 2961122, 2961123, 2961124, 2961125, 2961126, 2961127, 2961128,2961129, 2961134
296112A, 2961121, 2961122, 2961123, 2961124, 2961125, 2961126, 2961127, 2961128,2961129
296111A, 2961111, 2961113, 2961114, 2961115, 2961116, 2961117, 2961118, 2961119, 2961121, 2961122, 2961124, 2961125, 2961126, 2961127, 2961128
2961111, 2961112, 2961113, 2961114, 2961115, 2961118, 2961127, 2961128,2961129
2961111, 2961112, 2961114, 296112A, 2961121, 2961125, 2961126, 2961128,2961129
2961116, 2961118, 296112A, 2961121, 2961122, 2961123, 2961124, 2961125, 2961126, 2961127, 2961128,2961129
2961115, 2961118, 296112A, 2961121, 2961122, 2961123, 2961124, 2961125, 2961126, 2961127, 2961128,2961129
2961111, 2961126, 296113L, 296113M, 296113N, 296113P, 2961131, 2961133, 2961134
2961113, 2961123, 296113F, 296113G, 296113H, 296113I, 296113J, 296113Q, 296113R, 2961134
296113F, 296113G, 296113H, 296113I, 296113J, 2961132, 2961133, 2961134, 2961135
296111A, 2961111, 2961112, 2961113, 2961114, 2961115, 2961116, 2961117, 2961118, 2961119
296111A, 2961111, 2961112, 2961113, 2961114, 2961115, 2961116, 2961117, 2961118, 2961119
2961114, 2961115, 2961116, 2961118, 2961123, 2961124, 2961128,2961129
2961111, 296112A, 2961125, 296113K, 296113L, 296113N, 296113P, 2961133, 2961134, 2961135
2961123, 2961126,2961129, 296113F, 296113G, 296113H, 296113I, 296113J, 2961131, 2961132, 2961133, 2961134, 2961135
296111A, 2961111, 2961114, 2961115, 2961117, 2961118, 2961119, 2961128, 2961134, 2961135
2961111, 2961116, 2961122, 2961123, 2961124, 2961125, 2961126, 2961127, 2961128,2961129, 296113X, 2961135
296113F, 296113G, 296113H, 296113I, 296113J, 2961133, 2961134
296111A, 2961111, 2961112, 2961113, 2961114, 2961115, 2961116, 2961117, 2961118, 2961119, 2961127, 2961128
296112A, 2961121, 2961122, 2961123, 2961124, 2961125, 2961126, 2961127, 2961128,2961129
296111A, 2961111, 2961112, 2961113, 2961114, 2961115, 2961116, 2961117, 2961118, 2961119
2961113, 2961114, 2961116, 2961118, 2961122, 2961125, 2961128,2961129, 2961133
296111A, 2961111, 2961112, 2961113, 2961114, 2961115, 2961116, 2961117, 2961118, 2961119
2961111, 2961112, 2961113, 2961115, 2961116, 2961118, 2961127, 296113Q, 296113R, 296113S, 2961131
296112A, 2961121, 2961122, 2961123, 2961124, 2961125, 2961126, 2961127, 2961128,2961129
2961111, 2961112, 2961116, 296112A, 2961121, 2961122, 2961123, 2961124, 2961125, 2961126, 2961127, 2961128,2961129
296111A, 2961111, 2961112, 2961113, 2961114, 2961115, 2961116, 2961117, 2961118, 2961119
29611CF, 296111A, 2961112, 2961113, 2961114, 2961115, 2961117, 2961118, 2961119, 296112A, 2961121, 2961122, 2961123, 2961124, 2961127, 2961128,2961129, 296113F, 296113G, 296113T, 296113Y, 2961131, 2961132, 2961134, 2961135, 296114E, 9991106, 9991206, 9991306
2961111, 2961112, 2961116, 2961119, 2961121, 2961125, 2961126, 2961127, 2961128
2961123, 2961124, 2961125, 2961126, 2961127, 2961128, 2961134
2961111, 2961112, 296113F, 296113G, 296113H, 296113I, 296113J, 2961131, 2961133, 2961134
2961111, 2961112, 296113F, 296113G, 296113H, 296113I, 296113J, 2961131, 2961133, 2961134
296111A, 2961111, 2961112, 2961113, 2961114, 2961115, 2961116, 2961117, 2961118, 2961119
2961113, 2961119, 2961121, 2961127, 2961128,2961129, 2961132, 2961133
296111A, 2961111, 2961112, 2961116, 2961124
2961114, 2961121, 2961123, 2961124, 2961128,2961129, 296113Q, 296113R, 9991102
2961111, 2961118, 296112A, 2961121, 2961123, 2961124, 2961125, 2961127, 2961128,2961129, 2961134
296111A, 2961111, 2961113, 2961116, 296112A, 2961122, 2961125
2961116, 2961118, 2961121, 2961122, 2961123, 2961124, 296113R, 296113S, 296113T, 296113U, 2961132
2961115, 2961116, 2961118, 296112A, 2961121, 2961124
296111A, 2961111, 2961112, 2961114, 2961115, 2961116, 2961118, 2961119, 2961128
2961121, 2961122, 2961123, 2961124, 2961126, 2961127, 2961128,2961129
2961111, 2961113, 2961115, 2961118, 296112A, 2961121, 2961123, 2961124, 2961125, 2961127, 2961128,2961129
296111A, 2961111, 2961112, 2961113, 2961114, 2961115, 2961116, 2961117, 2961118, 2961119
296112A, 2961121, 2961122, 2961123, 2961124, 2961125, 2961126, 2961127, 2961128,2961129
2961123, 296113A, 296113B, 296113C, 296113D, 296113E, 2961131, 2961132, 2961133, 2961134, 2961135
296113A, 296113B, 296113C, 296113D, 296113E, 2961131, 2961132, 2961133, 2961134, 2961135
296111A, 2961111, 2961112, 2961115, 2961116, 2961118, 296112A, 2961121, 2961123, 2961128
2961113, 2961116, 296112A, 2961121, 2961122, 2961123, 2961124, 2961125, 2961126, 2961127, 2961128,2961129
296111A, 2961111, 2961112, 2961113, 2961114, 2961115, 2961116, 2961117, 2961118, 2961119
2961123, 2961128, 296113A, 296113B, 296113C, 296113D, 296113E, 2961131, 2961132, 2961133, 2961134, 2961135
2961122, 2961123, 2961124, 2961128, 296113F, 296113G, 296113H, 296113J, 2961132, 2961133
296111A, 2961111, 2961112, 2961113, 2961114, 2961115, 2961116, 2961118
2961111, 2961128, 296113F, 296113G, 296113H, 296113I, 296113J, 2961132, 2961133, 2961134
296111A, 2961111, 2961112, 2961113, 2961114, 2961115, 2961116, 2961117, 2961118, 2961119
296111A, 2961111, 2961112, 2961113, 2961114, 2961115, 2961116, 2961117, 2961118, 2961119
2961128, 296113A, 296113B, 296113C, 296113D, 296113E, 2961131, 2961132, 2961133, 2961134, 2961135
296111A, 296112A, 2961121, 2961122, 2961123, 2961124, 2961125, 2961126, 2961127, 2961128,2961129
296111A, 2961111, 2961112, 2961113, 2961114, 2961115, 2961116, 2961117, 2961118, 2961119
2961118, 296112A, 2961121, 2961122, 2961123, 2961124, 2961125, 2961126, 2961127, 2961128,2961129, 2961134
2961115, 2961116, 2961117, 2961118, 2961122, 2961123, 2961124, 2961125, 2961128,2961129
296111A, 2961111, 2961112, 2961113, 2961114, 2961115, 2961116, 2961117, 2961118, 2961119, 2961128, 2961134, 2961135
296111A, 2961111, 2961117, 2961121, 2961124, 2961125, 2961127, 2961128,2961129
296111A, 2961111, 2961112, 2961113, 2961114, 2961115, 2961116, 2961117, 2961118, 2961119
2961112, 2961125, 296113Q, 296113R, 296113T, 296113U, 2961133
2961115, 2961118, 296112A, 2961121, 2961123, 2961124, 2961125, 2961126, 2961127, 2961128,2961129
2961113, 296112A, 2961121, 2961123, 2961125, 2961126, 2961127, 2961128,2961129
296111A, 2961111, 2961112, 2961113, 2961114, 2961115, 2961116, 2961117, 2961118, 2961119, 2961128, 2961134, 2961135
296111A, 2961111, 2961112, 2961113, 2961114, 2961115, 2961116, 2961117, 2961118, 2961119
296112A, 2961121, 2961123, 2961124, 2961126,2961129, 296113W, 296113X, 2961132, 2961134
2961118, 2961121, 2961122, 2961123, 2961124, 2961125, 2961127, 2961128
296113F, 296113G, 296113H, 296113I, 296113J, 2961131, 2961132, 2961133, 2961134, 2961135
2961118, 2961121, 2961122, 2961123, 2961124, 2961128,2961129, 296113K, 296113M
2961121, 2961122, 2961123, 2961124, 2961125, 2961126, 2961127
296111A, 2961111, 2961112, 2961113, 2961114, 2961115, 2961116, 2961117, 2961118, 2961119
296113F, 296113G, 296113H, 296113I, 296113J, 2961131, 2961132, 2961133, 2961134, 2961135
2961111, 2961113, 2961114, 2961115, 2961116, 2961118, 2961128,2961129
296113A, 296113B, 296113C, 296113D, 296113E, 2961131, 2961132, 2961133, 2961134, 2961135
296111A, 2961111, 2961116, 2961117, 2961125, 2961126, 296113A, 296113E, 2961131, 2961132, 2961133, 2961134, 2961135
296111A, 2961111, 2961112, 2961115, 2961116, 2961118, 296112A, 2961123, 2961125
296111A, 2961111, 2961113, 2961116, 296112A, 2961123, 2961125, 2961127, 2961128, 2961134
296111A, 2961113, 2961114, 2961116, 2961117, 296113R, 296113S
2961111, 2961112, 2961118, 296112A, 2961123, 2961124, 2961125, 2961127, 2961128,2961129
296113A, 296113B, 296113C, 296113D, 296113E, 2961131, 2961132, 2961133, 2961134, 2961135
296111A, 2961111, 2961112, 2961113, 2961114, 2961115, 2961116, 2961117, 2961118, 2961119
2961111, 2961113, 2961115, 2961118, 296112A, 2961123, 2961125, 2961127, 2961128,2961129
296111A, 2961111, 2961112, 2961113, 2961114, 2961115, 2961116, 2961117, 2961118, 2961119
296111A, 2961111, 2961112, 2961113, 2961114, 2961115, 2961116, 2961117, 2961118, 2961119
296111A, 2961111, 2961112, 2961113, 2961114, 2961115, 2961116, 2961117, 2961118, 2961119
296112A, 2961121, 2961122, 2961124, 2961128, 296113V, 296113W, 296113X, 296113Y, 296113Z, 2961133, 2961135
296111A, 2961111, 2961112, 2961113, 2961114, 2961115, 2961116, 2961117, 2961118, 2961119
296111A, 2961111, 2961112, 2961113, 2961114, 2961115, 2961116, 2961117, 2961118, 2961119
2961112, 296112A, 2961123, 2961125, 296113V, 296113X, 296113Y, 296113Z, 2961133, 2961134
2961111, 2961113, 296112A, 2961121, 2961122, 2961123, 2961124, 2961125, 2961126, 2961127, 2961128,2961129
296112A, 2961121, 2961122, 2961123, 2961124, 2961125, 2961126, 2961127, 2961128, 2961129
296113A, 296113B, 296113C, 296113D, 296113E, 2961131, 2961132, 2961133, 2961134, 2961135
296111A, 2961111, 2961112, 2961113, 2961114, 2961115, 2961116, 2961117, 2961118, 2961119
2961115, 2961118, 2961121, 2961123, 2961125, 2961127, 2961128
296111A, 2961116, 296112A, 2961121, 2961122, 2961123, 2961124, 2961125, 2961126, 2961127, 2961128
296111A, 2961111, 2961112, 2961113, 2961114, 2961115, 2961116, 2961117, 2961118, 2961119, 2961128, 2961134, 2961135
296111A, 2961111, 2961112, 2961113, 2961114, 2961115, 2961116, 2961117, 2961118, 2961119, 2961127, 2961128
2961113, 2961123, 296113F, 296113G, 296113H, 296113I, 296113J, 2961133, 2961134
296111A, 2961112, 2961114, 2961115, 2961121, 2961122, 2961123, 2961125, 2961127, 2961128
2961121, 2961122, 2961123, 2961124, 2961125, 2961126, 2961127, 2961128,2961129
296111A, 2961111, 2961112, 2961113, 2961114, 2961115, 2961116, 2961117, 2961118, 2961119
296111A, 2961111, 2961112, 2961113, 2961114, 2961115, 2961116, 2961117, 2961118, 2961119
296111A, 2961118, 296112A, 2961121, 2961122, 2961123, 2961124, 2961125, 2961128,2961129
296113Q, 296113R, 296113S, 296113T, 296113U, 2961131, 2961132, 2961133, 2961134, 2961135
296111A, 2961111, 2961112, 2961113, 2961114, 2961115, 2961116, 2961117, 2961118, 2961119
296111A, 2961111, 2961114, 2961115, 2961118, 2961122, 2961123, 2961125, 2961128
296111A, 2961111, 2961112, 2961113, 2961114, 2961115, 2961116, 2961117, 2961118, 2961119
296111A, 2961112, 2961113, 2961114, 2961115, 2961116, 2961117, 2961118
296111A, 2961111, 2961112, 2961114, 2961115, 2961116, 2961118, 2961121, 2961127
296111A, 2961111, 2961112, 2961113, 2961114, 2961115, 2961116, 2961117, 2961118, 2961119
296111A, 2961111, 2961112, 2961113, 2961116
2961116, 296112A, 2961121, 2961122, 2961123, 2961124, 2961125, 2961126, 2961127
296112A, 2961121, 2961122, 2961123, 2961124, 2961125, 2961126, 2961127, 2961128,2961129
296111A, 2961111, 2961112, 2961113, 2961114, 2961115, 2961116, 2961117, 2961118, 2961119
2961112, 2961116, 296113F, 296113G, 296113H, 296113I, 296113J, 2961131, 2961132, 2961133, 2961134, 2961135
296111A, 2961111, 2961112, 2961113, 2961114, 2961115, 2961116, 2961118
296111A, 2961111, 2961112, 2961113, 2961114, 2961115, 2961116, 2961117, 2961118, 2961119
29611A3, 296111A, 2961111, 2961112, 2961113, 2961114, 2961115, 2961116, 2961117, 2961118, 2961119
296111A, 2961111, 2961112, 2961113, 2961114, 2961115, 2961116, 2961117, 2961118, 2961119, 2961127, 2961128
296111A, 2961111, 2961112, 2961113, 2961114, 2961115, 2961116, 2961118
2961111, 2961112, 2961113, 2961115, 2961118, 296112A, 2961127, 2961129
2961111, 2961112, 2961113, 2961114, 2961115, 2961116, 2961118
296111A, 2961111, 2961112, 2961113, 2961114, 2961115, 2961116, 2961117, 2961118, 2961119
2961115, 2961118, 2961119, 296112A, 2961121, 2961122, 2961123, 2961124, 2961125, 2961126, 2961127, 2961128, 2961129
296111A, 2961111, 2961112, 2961113, 2961114, 2961115, 2961116, 2961117, 2961118, 2961119
2961112, 2961116, 2961123, 2961128, 296113W, 296113X, 2961134
296111A, 2961111, 2961112, 2961113, 2961114, 2961115, 2961116, 2961117, 2961118, 2961119
296111A, 2961111, 2961112, 2961113, 2961114, 2961115, 2961116, 2961117, 2961118, 2961119
296111A, 2961111, 2961112, 2961114, 2961115, 2961116, 2961118, 2961128
296111A, 2961111, 2961112, 2961113, 2961114, 2961115, 2961116, 2961117, 2961118, 2961119
2961111, 2961115, 2961118, 296112A, 2961121, 2961122, 2961123, 2961124, 2961125, 2961126, 2961127, 2961128,2961129
296111A, 296112A, 2961121, 2961122, 2961123, 2961124, 2961125, 2961126, 2961127, 2961128, 2961129
296113F, 296113G, 296113H, 296113I, 296113J, 2961131, 2961132, 2961133, 2961134
296111A, 2961111, 2961112, 2961113, 2961114, 2961115, 2961116, 2961117, 2961118, 2961119
296111A, 2961111, 2961112, 2961113, 2961114, 2961115, 2961116, 2961117, 2961118, 2961119
296111A, 2961111, 2961112, 2961113, 2961114, 2961115, 2961116, 2961117, 2961118, 2961119
296111A, 2961111, 2961112, 2961114, 2961115, 2961118, 2961125, 2961126, 2961127, 2961128
296111A, 2961111, 2961112, 2961113, 2961114, 2961115, 2961116, 2961117, 2961118, 2961119
296112A, 2961123, 2961124, 2961125, 2961126, 296113C, 296113D, 2961131, 2961132, 2961133, 2961134, 2961135
296111A, 2961111, 2961112, 2961113, 2961114, 2961115, 2961116, 2961117, 2961118, 2961119
296111A, 2961111, 2961112, 2961113, 2961114, 2961115, 2961116, 2961117, 2961118, 2961119
296111A, 2961111, 2961112, 2961113, 2961114, 2961115, 2961116, 2961117, 2961118, 2961119
296111A, 2961111, 2961112, 2961113, 2961114, 2961115, 2961116, 2961117, 2961118, 2961119
296111A, 2961111, 2961112, 2961113, 2961114, 2961115, 2961116, 2961117, 2961118, 2961119
296111A, 2961111, 2961112, 2961113, 2961114, 2961115, 2961116, 2961117, 2961118, 2961119
296111A, 2961111, 2961112, 2961113, 2961114, 2961115, 2961116, 2961117, 2961118, 2961119
296111A, 2961111, 2961112, 2961113, 2961114, 2961115, 2961116, 2961117, 2961118, 2961119
296111A, 2961111, 2961112, 2961113, 2961114, 2961115, 2961116, 2961117, 2961118, 2961119
296111A, 2961111, 2961112, 2961113, 2961114, 2961115, 2961116, 2961117, 2961118, 2961119
296111A, 2961111, 2961112, 2961113, 2961114, 2961115, 2961116, 2961117, 2961118, 2961119
296111A, 2961111, 2961112, 2961113, 2961114, 2961115, 2961116, 2961117, 2961118, 2961119
296111A, 2961111, 2961112, 2961113, 2961114, 2961115, 2961116, 2961117, 2961118, 2961119
296111A, 2961111, 2961112, 2961113, 2961114, 2961115, 2961116, 2961117, 2961118, 2961119
296111A, 2961111, 2961112, 2961113, 2961114, 2961115, 2961116, 2961117, 2961118, 2961119
296111A, 2961111, 2961112, 2961113, 2961114, 2961115, 2961116, 2961117, 2961118, 2961119
2961121, 296113V, 296113W, 296113X, 296113Y, 296113Z, 2961131, 2961132, 2961133, 2961134, 2961135
296111A, 2961111, 2961112, 2961113, 2961114, 2961115, 2961116, 2961117, 2961118, 2961119, 2961128, 2961134, 2961135
2961112, 2961125, 296113V, 296113W, 296113X, 296113Y, 296113Z, 2961131, 2961132, 2961133, 2961134, 2961135
2961121, 296113A, 296113B, 296113C, 296113D, 296113E, 2961131, 2961132, 2961133, 2961135
296111A, 2961111, 2961112, 2961113, 2961114, 2961115, 2961116, 2961117, 2961118, 2961119
2961111, 2961116, 2961118, 2961121, 2961122, 2961123, 2961124, 2961126, 2961128, 2961129
296111A, 2961111, 2961113, 2961118, 296112A, 2961123, 2961124, 2961125, 2961127, 2961128,2961129, 2961134
2961122, 2961126, 296113Q, 296113T, 2961132, 2961133, 2961134, 9981024
2961111, 2961112, 296112A, 2961121, 2961122, 2961123, 2961128, 2961129
296111A, 2961111, 2961112, 2961116, 2961118, 296112A, 2961122, 2961125, 2961126
296111A, 2961111, 2961112, 2961113, 2961114, 2961115, 2961116, 2961117, 2961118, 2961119
296111A, 2961111, 2961112, 2961113, 2961114, 2961115, 296112A, 2961123, 2961127, 2961128
296111A, 2961111, 2961112, 2961113, 2961114, 2961115, 2961116, 2961117, 2961118, 2961119
296111A, 2961111, 2961112, 2961113, 2961114, 2961115, 2961116, 2961117, 2961118, 2961119
2961113, 2961116, 296112A, 2961121, 2961122, 2961123, 2961125, 2961126, 2961127, 2961128 ,2961129, 2961134
2961117, 296112A, 2961121, 2961122, 2961123, 2961124, 2961125, 296113A, 2961131
296111A, 2961111, 2961112, 2961113, 2961114, 2961115, 2961116, 2961117, 2961118, 2961119
2961112, 2961116, 296113A, 296113B, 296113C, 296113D, 296113E, 2961131, 2961132, 2961133, 2961134, 2961135
296111A, 2961111, 2961112, 2961113, 2961114, 2961115, 2961116, 2961117, 2961118, 2961119
296111A, 2961111, 2961112, 2961113, 2961114, 2961115, 2961116, 2961117, 2961118, 2961119
296111A, 2961111, 2961112, 2961114, 2961115, 2961116, 2961117, 2961118, 2961119, 296112A, 2961126, 2961127, 2961128, 2961134
296111A, 2961112, 2961114, 2961115, 296112A, 2961123, 2961125, 2961127, 2961128
2961114, 2961115, 2961118, 2961121, 2961125, 296113V, 296113W, 296113X, 296113Y, 2961131, 2961135
2961114, 296112A, 296113V, 296113W, 296113X, 296113Y, 296113Z, 2961131, 2961132, 2961133, 2961134, 2961135
296111A, 2961111, 2961112, 2961113, 2961114, 2961115, 2961116, 2961117, 2961118, 2961119
29611A3, 29611CC, 296111A, 2961111, 2961112, 2961113, 2961114, 2961115, 2961116, 2961117, 2961118, 2961119, 296113M
296111A, 2961111, 2961112, 2961113, 2961115, 2961116, 2961117, 2961118, 2961119, 2961123
296112A, 2961124, 2961126, 2961129, 2961134, 2961135
296111A, 2961111, 2961112, 2961113, 2961114, 2961115, 2961116, 2961117, 2961118, 2961119
296111A, 2961111, 2961112, 2961113, 2961115, 2961116, 2961117, 2961118, 2961121, 2961122, 2961123, 2961124, 2961125, 2961126, 2961127, 2961128, 2961129, 296113V, 2961131
2961113, 296112A, 2961121, 2961122, 2961124, 2961125, 2961126, 2961127, 2961128, 2961129
296111A, 2961113, 2961118, 296112A, 2961121, 2961122, 2961123, 2961124, 2961125, 2961127, 2961128, 2961129
