12111B4, 12111F1, 1211141, 1211199, 18111D9, 2211135, 296113S
12111D2, 1211154, 2211113, 2211115, 2211122
2211126, 2211131, 2961123, 2961127, 2961128
2641134, 2961121, 2961122
12111C6, 12111D5, 2211136, 2211138
2211123, 2211129, 221113A, 2211131, 2211132, 2211133, 2211134, 2211135, 2211136, 2211137, 2211138, 2211139
221111A, 2211111, 2211112, 2211113, 2211114, 2211115, 2211116, 2211117, 2211118, 2211119
221111A, 221112A, 2211121, 2211122, 2211123, 2211124, 2211126, 2211127, 2211128, 2211129
221113B, 221113C, 221113D, 221113E, 221113F, 2211131, 2211132, 2211133, 2211134, 2211135
221111A, 221112A, 2211121, 2211122, 2211123, 2211124, 2211126, 2211127, 2211128, 2211129
2211121, 2211123, 2211126, 221113A, 2211132, 2211133, 2211134, 2211136, 2211137, 2211138
221111A, 2211118, 2211119, 221112A, 2211121, 2211122, 2211123, 2211124, 2211126, 2211127, 2211128, 2211129
221111A, 2211111, 2211112, 2211113, 2211114, 2211115, 2211116, 2211117, 2211118, 2211119
221111A, 2211111, 2211112, 2211113, 2211114, 2211115, 2211116, 2211117, 2211118, 2211119
221111A, 2211111, 2211112, 2211113, 2211114, 2211115, 2211116, 2211117, 2211118, 2211119
221111A, 2211111, 2211112, 2211113, 2211114, 2211115, 2211116, 2211117, 2211118, 2211119, 221112A, 2211122, 2211123, 2211129
221111A, 2211111, 2211112, 2211113, 2211114, 2211115, 2211116, 2211117, 2211118, 2211119
221111A, 2211111, 2211112, 2211113, 2211114, 2211115, 2211116, 2211117, 2211118, 2211119
2211111, 2211112, 2211115, 2211119, 221112A, 2211121, 2211122, 2211123, 2211126, 2211127, 2211129, 9991103
22111A1, 22111A2, 22111A3, 221111A, 2211111, 2211112, 2211113, 2211114, 2211116, 2211117, 2211118, 2211119, 2211122, 2211124, 221113B, 221113C, 221113D, 221113E, 221113F, 9991112
221113G, 221113H, 221113I, 221113J, 221113K, 2211131, 2211132, 2211133, 2211134, 2211135
2211111, 2211116, 221112A, 2211121, 2211122, 2211123, 2211124, 2211127, 2211128, 2211129
221111A, 2211111, 2211112, 2211113, 2211114, 2211115, 2211116, 2211117, 2211118, 2211119
2211111, 2211119, 221112A, 2211121, 2211122, 2211123, 2211124, 2211126, 2211127, 2211129
2211121, 2211122, 2211126, 2211127, 221113A, 2211131, 2211132, 2211133, 2211138, 2211139
221112A, 2211121, 2211122, 2211123, 2211124, 2211126, 2211127, 2211128, 2211129
2211126, 221113G, 221113H, 221113I, 221113J, 221113K, 2211131, 2211132, 2211133, 2211134, 2211135
221111A, 2211111, 2211112, 2211113, 2211114, 2211115, 2211116, 2211117, 2211118, 2211119
221112A, 2211121, 2211122, 2211123, 2211124, 2211126, 2211127, 2211128, 2211129
221111A, 2211111, 2211112, 2211113, 2211114, 2211115, 2211116, 2211117, 2211118, 2211119
221111A, 2211112, 2211113, 2211116, 2211117, 2211118, 2211119
2211111, 2211112, 2211116, 2211119, 221112A, 2211123, 2211124
2211111, 2211112, 2211118, 2211119, 221112A, 2211121, 2211123, 2211126
221112A, 2211121, 2211122, 2211123, 2211124, 2211126, 2211127, 2211128, 2211129
221111A, 2211111, 2211112, 2211113, 2211116, 2211117, 2211118, 2211119, 2211122, 2211128
2211121, 2211126, 2211127, 221113A, 2211131, 2211132, 2211133, 2211134, 2211135, 2211138, 2211139
2211112, 2211114, 2211117, 2211118, 2211119, 221112A, 2211121, 2211123, 2211126
2211129, 221113B, 221113C, 221113D, 221113E, 221113F, 2211131, 2211132, 2211133, 2211134, 2211135
221113A, 2211131, 2211132, 2211133, 2211134, 2211135, 2211136, 2211137, 2211138, 2211139
2211113, 2211117, 2211118, 2211119, 221112A, 2211123, 2211124
221111A, 2211111, 2211112, 2211113, 2211114, 2211115, 2211116, 2211117, 2211118, 2211119
221111A, 2211111, 2211112, 2211113, 2211114, 2211115, 2211116, 2211117, 2211118, 2211119
221111A, 2211111, 2211112, 2211113, 2211114, 2211115, 2211116, 2211117, 2211118, 2211119
221112A, 2211121, 2211122, 2211123, 2211124, 2211126, 2211127, 2211128, 2211129
221111A, 2211111, 2211112, 2211113, 2211114, 2211115, 2211116, 2211117, 2211118, 2211119
2211113, 2211118, 221112A, 2211121, 2211122, 2211123, 2211124, 2211126, 2211127, 2211128
221113A, 2211131, 2211132, 2211133, 2211134, 2211135, 2211136, 2211137, 2211138, 2211139
221111A, 2211113, 2211117, 221112A, 2211121, 2211122, 2211124, 2211126, 2211128
221112A, 2211121, 2211122, 2211123, 2211124, 2211126, 2211127, 2211128, 2211129
2211113, 221112A, 2211121, 2211123, 2211127, 2211128, 2211129
221112A, 2211121, 2211122, 2211123, 2211124, 2211126, 2211127, 2211128, 2211129
221112A, 2211121, 2211122, 2211123, 2211124, 2211126, 2211127, 2211128, 2211129
221111A, 2211118, 221112A, 2211121, 2211122, 2211123, 2211124, 2211126, 2211127, 2211128, 2211129
221111A, 2211111, 2211112, 2211113, 2211114, 2211115, 2211116, 2211117, 2211118, 2211119
2211111, 2211118, 221112A, 2211121, 2211122, 2211123, 2211124, 2211127, 2211128, 2211129
221111A, 2211111, 2211112, 2211114, 2211115, 2211117, 221112A, 2211121, 2211122, 2211123, 2211128, 2211129, 9991106, 9991206, 9991306, 9991406
2211122, 2211124, 2211126, 2211128, 2211129, 221113A, 2211131, 2211133, 2211134, 2211136, 2211137, 9991106, 9991109
221111A, 2211111, 2211112, 2211113, 2211114, 2211115, 2211116, 2211117, 2211118, 2211119
221112A, 2211121, 2211122, 2211123, 2211124, 2211126, 2211127, 2211128, 2211129
221111A, 2211111, 2211112, 2211113, 2211114, 2211115, 2211116, 2211117, 2211118, 2211119
221112A, 2211121, 2211122, 2211123, 2211124, 2211126, 2211127, 2211128, 2211129
2211113, 2211119, 2211122, 2211123, 2211126, 2211127, 2211128, 9981012
221111A, 2211111, 2211112, 2211113, 2211114, 2211115, 2211116, 2211117, 2211118, 2211119
221111A, 2211111, 2211112, 2211113, 2211114, 2211115, 2211116, 2211117, 2211118, 2211119
2211113, 2211121, 2211122, 2211127, 2211128, 221113D, 221113F, 2211134
221111A, 2211111, 2211112, 2211113, 2211114, 2211115, 2211116, 2211117, 2211118, 2211119
221113B, 221113C, 221113D, 221113E, 221113F, 2211131, 2211132, 2211133, 2211134, 2211135
221111A, 2211111, 2211112, 2211113, 2211114, 2211115, 2211116, 2211117, 2211118, 2211119
221111A, 2211111, 2211112, 2211113, 2211114, 2211115, 2211116, 2211117, 2211118, 2211119
18111B1, 18111C9
221112A, 2211121, 2211122, 2211123, 2211124, 2211126, 2211127, 2211128, 2211129
221111A, 2211115, 2211116, 221112A, 2211121, 2211122, 2211123, 2211124, 2211126, 2211127, 2211128, 2211129
221113A, 2211131, 2211132, 2211133, 2211134, 2211135, 2211136, 2211137, 2211138, 2211139
221111A, 2211111, 2211112, 2211113, 2211114, 2211115, 2211116, 2211117, 2211118, 2211119
221112A, 2211121, 2211122, 2211123, 2211124, 2211126, 2211129, 221113G
221111A, 2211111, 2211116, 2211118, 221112A, 2211121, 2211122, 2211123, 2211124, 2211126, 2211127
221112A, 221113A, 2211131, 2211132, 2211133, 2211134, 2211135, 2211136, 2211137, 2211138, 2211139
221113B, 221113C, 221113D, 221113E, 221113F, 2211131, 2211132, 2211133, 2211134, 2211135
221112A, 2211121, 2211122, 2211123, 2211124, 2211126, 2211127, 2211128, 2211129
221111A, 2211111, 2211112, 2211113, 2211114, 2211115, 2211116, 2211117, 2211118, 2211119
221112A, 2211121, 2211122, 2211123, 2211124, 2211126, 2211127, 2211128, 2211129
221111A, 2211111, 2211113, 2211118, 221112A, 2211121, 2211123, 2211124, 2211128
221111A, 2211111, 2211112, 2211113, 2211114, 2211115, 2211116, 2211117, 2211118, 2211119
221113B, 221113C, 221113D, 221113E, 221113F, 2211131, 2211132, 2211133, 2211134, 2211135
221112A, 2211121, 2211122, 2211123, 2211124, 2211126, 2211127, 2211128, 2211129
221111A, 2211111, 2211112, 2211113, 2211119, 221112A, 2211121, 2211123, 2211127, 2211129
221111A, 2211113, 2211114, 2211116, 2211117, 2211119, 2211122, 2211123, 2211124, 2211127
221111A, 2211112, 2211118, 221112A, 2211121, 2211122, 2211123, 2211124, 2211128, 2211129
221111A, 2211111, 2211112, 2211113, 2211114, 2211115, 2211116, 2211117, 2211118, 2211119
221111A, 2211111, 2211112, 2211113, 2211114, 2211115, 2211116, 2211117, 2211118, 2211119
221111A, 2211111, 2211112, 2211113, 2211114, 2211115, 2211116, 2211117, 2211118, 2211119
221111A, 2211111, 2211112, 2211113, 2211114, 2211115, 2211116, 2211117, 2211118, 2211119
221111A, 2211111, 2211112, 2211113, 2211114, 2211115, 2211116, 2211117, 2211118, 2211119
2211126, 2211129, 221113G, 221113H, 221113I, 221113J, 221113K, 2211131, 2211132, 2211133, 2211134, 2211135
2211111, 2211113, 221112A, 2211121, 2211122, 2211123, 2211124, 2211126, 2211127, 2211128
221113B, 221113C, 221113D, 221113E, 221113F, 2211131, 2211132, 2211133, 2211134, 2211135
221111A, 2211111, 2211112, 2211113, 2211116, 2211118, 2211119, 2211124
2211127, 221113C, 221113D, 221113E, 221113F, 2211131, 2211132, 2211133, 2211134
2211121, 2211126, 221113B, 221113C, 221113D, 221113E, 221113F, 2211132, 2211133, 2211134, 2211135
2211129, 221113G, 221113H, 221113I, 221113J, 221113K, 2211131, 2211132, 2211133, 2211134, 2211135
221111A, 2211119, 221112A, 2211121, 2211122, 2211123, 2211124, 2211128
221113G, 221113H, 221113I, 221113J, 221113K, 2211131, 2211132, 2211133, 2211134, 2211135
221112A, 2211121, 2211122, 221113G, 221113H, 221113I, 221113J, 221113K, 2211131, 2211133, 2211134, 2211135
221111A, 2211111, 2211112, 2211113, 2211114, 2211115, 2211116, 2211117, 2211118, 2211119, 2211122, 2211124, 2211128, 2211129
221111A, 2211113, 2211116, 2211118, 221112A, 2211121, 2211122, 2211123, 2211124, 2211128
221113G, 221113H, 221113I, 221113J, 221113K, 2211131, 2211132, 2211133, 2211134, 2211135
221111A, 2211111, 2211112, 2211113, 2211114, 2211115, 2211116, 2211117, 2211118, 2211119
221111A, 2211111, 2211112, 2211113, 2211114, 2211115, 2211116, 2211117, 2211118, 2211119
221111A, 2211111, 2211112, 2211113, 2211114, 2211115, 2211116, 2211117, 2211118, 2211119
221112A, 2211121, 2211122, 2211123, 2211124, 2211126, 2211127, 2211128, 2211129
22111A2, 22111A3, 221111A, 2211111, 2211112, 2211113, 2211114, 2211115, 2211116, 2211117, 2211118, 2211119, 221112A, 2211121, 2211122, 2211123, 2211124, 2211126, 2211127, 2211128, 2211129, 221113B, 221113C, 221113D, 221113E, 2211131, 2211133, 2211134, 29611AE, 9991106
2211129, 221113B, 221113C, 221113D, 221113E, 221113F, 2211131, 2211132, 2211133, 2211134, 2211135
221111A, 2211111, 2211112, 2211113, 2211114, 2211115, 2211116, 2211117, 2211118, 2211119
2211129, 221113B, 221113C, 221113D, 221113E, 221113F, 2211131, 2211132, 2211133, 2211134, 2211135
221111A, 2211111, 2211112, 2211113, 2211114, 2211115, 2211116, 2211117, 2211118, 2211119
221111A, 2211111, 2211112, 2211113, 2211114, 2211115, 2211116, 2211117, 2211118, 2211119
221111A, 2211111, 2211112, 2211113, 2211114, 2211115, 2211116, 2211117, 2211118, 2211119
221111A, 2211112, 221112A, 2211121, 2211122, 2211123, 2211124, 2211126, 2211127, 2211128, 2211129
2211129, 221113B, 221113C, 221113D, 221113E, 221113F, 2211131, 2211132, 2211133, 2211134, 2211135
2211119, 221112A, 2211121, 2211122, 2211123, 2211124, 2211126, 2211128
221111A, 2211111, 2211112, 2211113, 2211114, 2211115, 2211116, 2211117, 2211118, 2211119
221111A, 2211111, 2211112, 2211113, 2211114, 2211115, 2211116, 2211117, 2211118, 2211119
221111A, 2211111, 2211112, 2211114, 2211116, 2211117, 2211118, 2211124
221111A, 2211111, 2211112, 2211113, 2211114, 2211115, 2211116, 2211117, 2211118, 2211119
221113A, 2211131, 2211132, 2211133, 2211134, 2211135, 2211136, 2211137, 2211138, 2211139
2641114, 2641134, 2961121
221113A, 2211131, 2211132, 2211133, 2211134, 2211135, 2211136, 2211137, 2211138, 2211139
221113A, 2211131, 2211132, 2211133, 2211134, 2211135, 2211136, 2211137, 2211138, 2211139
2211126, 221113B, 221113C, 221113D, 221113E, 221113F, 2211131, 2211132, 2211133, 2211134, 2211135
221112A, 2211126, 2211127, 2211128, 2211129, 2211131, 2211132, 2211133, 2211134, 2211135
2211111, 2211119, 221113G, 221113H, 221113I, 221113J, 221113K, 2211131, 2211132, 2211133, 2211134, 2211135, 9991101
221111A, 2211111, 2211116, 2211118, 2211121, 2211122, 2211123, 2211124, 2211129
221111A, 2211111, 2211112, 2211113, 2211114, 2211115, 2211116, 2211117, 2211118, 2211119
221111A, 2211111, 2211112, 2211113, 2211114, 2211115, 2211116, 2211117, 2211118, 2211119
2211111, 221112A, 2211121, 2211122, 2211123, 2211126, 2211127, 2211129
2211122, 2211126, 2211129, 221113B, 221113C, 221113D, 221113E, 2211131, 2211132, 2211133, 2211134, 2211135
2211119, 221112A, 2211121, 2211122, 2211123, 2211124, 2211126, 2211127, 2211128, 2211129
221111A, 2211111, 2211112, 2211113, 2211114, 2211115, 2211116, 2211117, 2211118, 2211119
221111A, 2211111, 2211112, 2211113, 2211114, 2211115, 2211116, 2211117, 2211118, 2211119
2211112, 2211113, 2211118, 221112A, 2211122, 2211123, 2211126, 2211128, 2211129
2211126, 2211129, 221113A, 2211131, 2211132, 2211133, 2211134, 2211135, 2211137, 2211139
2211113, 2211119, 221112A, 2211121, 2211122, 2211124, 2211126, 2211128, 2211134
221111A, 2211111, 2211112, 2211113, 2211114, 2211115, 2211116, 2211117, 2211118, 2211119
2211111, 2211112, 2211114
221111A, 2211111, 2211112, 2211116, 221112A, 2211121, 2211122, 2211123, 2211124, 2211126, 2211127, 2211128
221111A, 2211112, 2211113, 2211114, 2211115, 2211116, 2211118, 2211121, 2211122, 2211124, 2211126, 2211127, 2211128, 2211129, 221113B, 221113C, 221113D, 221113E, 221113F, 2211131, 2211132, 2211133, 2211135, 9991106, 9991206, 9991306
2211111, 2211121, 2211122, 2211126, 2211127, 2211129, 221113B, 221113C, 221113D, 2211133, 2211134, 2211135
221112A, 2211121, 2211122, 2211123, 2211126, 2211127
221111A, 2211111, 2211112, 2211113, 2211114, 2211115, 2211116, 2211117, 2211118, 2211119
2211126, 221113B, 221113C, 221113D, 221113E, 221113F, 2211131, 2211132, 2211133, 2211134, 2211135
2211122, 2211126, 2211127, 2211129, 221113B, 221113C, 221113D, 221113E, 2211132, 2211133, 2211134, 2211135
221111A, 2211111, 2211112, 2211113, 2211114, 2211115, 2211116, 2211117, 2211118, 2211119
2211111, 2211123, 2211126, 221113A, 2211131, 2211132, 2211133, 2211134, 2211135, 2211136, 2211137, 2211138, 2211139
2211127, 2211129, 221113B, 221113C, 221113D, 2211131, 2211132, 2211133, 2211134, 2211135
22111A2, 22111A3, 221111A, 2211111, 2211112, 2211113, 2211114, 2211115, 2211116, 2211117, 2211118, 2211119, 221112A, 2211121, 2211122, 2211123, 2211124, 2211126, 2211127, 2211128, 2211129, 221113B, 29611AE, 9991106, 9991206
221113G, 221113H, 221113I, 221113J, 221113K, 2211131, 2211132, 2211133, 2211134, 2211135
221111A, 2211111, 2211112, 2211113, 2211114, 2211115, 2211116, 2211117, 2211118, 2211119
221112A, 2211121, 2211122, 2211123, 2211124, 2211126, 2211127, 2211128, 2211129
221111A, 2211116, 221112A, 2211121, 2211122, 2211123, 2211124, 2211126, 2211127, 2211128, 2211129
221111A, 2211111, 2211112, 2211113, 2211115, 2211116, 2211117, 2211118, 2211119, 221112A, 2211128, 221113C, 221113J, 2211138, 29611AE, 9991106, 9991206
2211123, 2211126, 2211127, 2211129, 221113A, 2211131, 2211133, 2211134, 2211135, 2211138
221111A, 2211115, 2211121, 2211123, 2211126, 2211127, 221113D, 221113E, 2211132, 2211133
221113G, 221113H, 221113I, 221113J, 221113K, 2211131, 2211132, 2211133, 2211134, 2211135
2211121, 2211122, 2211126, 2211127, 221113G, 221113J, 221113K, 2211132, 2211133, 2211134
2211122, 2211123, 2211124, 2211126, 2211129, 221113A, 2211133, 2211136, 2211137
2211112, 221112A, 2211121, 2211122, 2211123, 2211124, 2211126, 2211127, 2211128, 2211129
221111A, 2211111, 2211112, 2211113, 2211114, 2211115, 2211116, 2211117, 2211118, 2211119
221112A, 2211121, 2211129, 2211131, 2211133, 2211134, 2211135, 2211136, 2211137, 2211139
221111A, 2211111, 2211112, 2211113, 2211114, 2211115, 2211116, 2211117, 2211118, 2211119
221112A, 2211121, 2211122, 2211123, 2211124, 2211126, 2211127, 2211128, 2211129
221111A, 2211111, 2211112, 2211113, 2211114, 2211115, 2211116, 2211117, 2211118, 2211119, 221112A, 2211121, 2211122, 2211123, 2211124, 2211126, 2211127, 2211128, 2211129
221113A, 2211131, 2211132, 2211133, 2211134, 2211135, 2211136, 2211137, 2211138, 2211139
221112A, 2211121, 2211122, 2211123, 2211124, 2211126, 2211127, 2211128, 2211129
221112A, 2211121, 2211122, 2211123, 2211124, 2211126, 2211127, 2211128, 2211129
2211114, 2211115, 221112A, 2211121, 2211122, 2211123, 2211124, 2211126, 2211127, 2211128, 2211129
2211121, 2211126, 2211129, 2211131, 2211133, 2211134, 2211135, 2211136, 2211137, 2211139
221111A, 2211111, 2211112, 2211113, 2211114, 2211115, 2211116, 2211117, 2211118, 2211119
2211117, 221112A, 2211122, 2211124, 2211126, 2211127, 2211129, 221113E, 221113F, 2211133, 2211134, 2211135
2211118, 2211121, 2211122, 2211126, 221113B, 221113C, 2211133, 2211134, 2211135
221112A, 2211121, 2211123, 2211126, 2211127, 2211129, 2211132, 2211133, 2211135, 2211138, 2211139
221112A, 2211121, 2211122, 2211123, 2211124, 2211126, 2211127, 2211128, 2211129
2211127, 221113H, 221113I, 221113K, 2211131, 2211132, 2211134, 9981103, 9981106, 9981203, 9981206, 9981303, 9981306
221111A, 2211112, 2211113, 2211114, 2211116, 2211117, 2211118, 2211119, 221112A, 2211123, 2211124
2211118, 2211121, 2211126, 2211128, 2211129, 2211132, 2211134, 2211135
221112A, 2211121, 2211122, 2211123, 2211124, 2211126, 2211127, 2211128, 2211129
221111A, 2211111, 2211112, 2211113, 2211114, 2211115, 2211116, 2211117, 2211118, 2211119
221111A, 2211111, 2211112, 2211113, 2211114, 2211115, 2211116, 2211117, 2211118, 2211119, 9991103
221111A, 2211111, 2211112, 2211113, 2211114, 2211115, 2211116, 2211117, 2211118, 2211119
221111A, 2211111, 2211113, 2211116, 2211118, 2211119, 221112A, 2211122, 2211123, 2211124, 2211128
221111A, 2211111, 2211112, 2211113, 2211114, 2211115, 2211116, 2211117, 2211118, 2211119
221111A, 2211111, 2211112, 2211113, 2211114, 2211115, 2211116, 2211117, 2211118, 2211119
221113B, 221113C, 221113D, 221113E, 221113F, 2211131, 2211132, 2211133, 2211134, 2211135
221111A, 2211111, 2211112, 2211113, 2211114, 2211115, 2211116, 2211117, 2211118, 2211119, 221112A
221111A, 2211111, 2211112, 2211113, 2211114, 2211115, 2211116, 2211117, 2211118, 2211119
221111A, 2211111, 2211112, 2211113, 2211114, 2211115, 2211116, 2211117, 2211118, 2211119
22111AA, 221111A, 2211112, 2211114, 2211116, 2211118, 221112A, 2211121, 2211123, 2211126, 2211128, 2211132, 2211135, 2211137
221113B, 221113C, 221113D, 221113E, 221113F, 2211131, 2211132, 2211133, 2211134, 2211135
221111A, 221112A, 2211121, 2211122, 2211123, 2211124, 2211126, 2211127, 2211128
221111A, 2211111, 2211112, 2211113, 2211114, 2211115, 2211116, 2211117, 2211118, 2211119
221112A, 2211121, 2211126, 2211131, 2211133, 2211134, 2211135, 2211136, 2211137, 2211139
221112A, 2211121, 2211122, 2211123, 2211124, 2211126, 2211127, 2211128, 2211129
221112A, 2211121, 2211122, 2211123, 2211124, 2211126, 2211127, 2211128, 2211129, 9991101
221111A, 2211111, 2211112, 2211113, 2211114, 2211115, 2211116, 2211117, 2211118, 2211119
2211111, 2211118, 2211119, 221112A, 2211121, 2211122, 2211126, 2211127, 2211129, 2211134
2211111, 2211126, 2211127, 2211129, 221113B, 221113C, 221113D, 2211132, 2211133, 2211134, 2211135
221113A, 2211131, 2211132, 2211133, 2211134, 2211135, 2211136, 2211137, 2211138, 2211139
221111A, 2211111, 2211112, 2211113, 2211114, 2211115, 2211116, 2211117, 2211118, 2211119
221111A, 2211116, 221112A, 2211121, 2211122, 2211123, 2211124, 2211128, 2211129
2211122, 2211126, 221113G, 221113H, 221113I, 221113J, 221113K, 2211131, 2211132, 2211133, 2211134, 2211135
221111A, 2211112, 2211115, 2211116, 2211118, 2211119, 221112A, 2211123, 2211124
2211121, 2211127, 221113B, 221113C, 221113D, 221113E, 221113F, 2211132, 2211133, 2211134, 2211135
221111A, 2211111, 2211112, 2211113, 2211114, 2211115, 2211116, 2211117, 2211118, 2211119
2211126, 2211127, 221113G, 221113H, 221113I, 221113J, 2211132, 2211133, 2211134, 2211135
221111A, 2211111, 2211112, 2211113, 2211114, 2211115, 2211116, 2211117, 2211118, 2211119
221113A, 2211131, 2211132, 2211133, 2211134, 2211135, 2211136, 2211137, 2211138, 2211139
221111A, 2211111, 2211112, 2211113, 2211114, 2211115, 2211116, 2211117, 2211118, 2211119
221111A, 2211111, 2211112, 2211113, 2211114, 2211115, 2211116, 2211117, 2211118, 2211119
221111A, 2211112, 2211116, 2211119, 221112A, 2211123, 2211124
221111A, 2211111, 2211112, 2211113, 2211114, 2211115, 2211116, 2211117, 2211118, 2211119
221111A, 2211111, 2211112, 2211113, 2211114, 2211115, 2211116, 2211117, 2211118, 2211119
221111A, 2211111, 2211112, 2211113, 2211116, 2211118, 2211119, 2211123
221112A, 2211121, 2211122, 2211123, 2211124, 2211126, 2211127, 2211128, 2211129
221111A, 2211111, 2211112, 2211113, 2211114, 2211115, 2211116, 2211117, 2211118, 2211119
221111A, 221112A, 2211121, 2211122, 2211123, 2211124, 2211126, 2211127, 2211128, 2211129
221112A, 2211121, 2211122, 2211123, 2211124, 2211126, 2211127, 2211128, 2211129
221111A, 2211111, 2211112, 2211113, 2211114, 2211115, 2211116, 2211117, 2211118, 2211119
221111A, 2211111, 2211112, 2211113, 2211114, 2211115, 2211116, 2211117, 2211118, 2211119
221111A, 2211111, 2211112, 2211113, 2211114, 2211115, 2211116, 2211117, 2211118, 2211119
221111A, 2211111, 2211112, 2211113, 2211114, 2211115, 2211116, 2211117, 2211118, 2211119
221111A, 2211111, 2211112, 2211113, 2211114, 2211115, 2211116, 2211117, 2211118, 2211119
221111A, 221112A, 2211121, 2211122, 2211123, 2211124, 2211126, 2211127, 2211128, 2211129
221111A, 2211118, 2211121, 2211122, 2211123, 2211124, 2211126, 2211128, 2211129
221111A, 2211111, 2211114, 2211118, 221112A, 2211122, 2211123, 2211124, 2211128, 2211129
221111A, 2211113, 2211115, 2211116, 2211118, 2211119, 2211121, 2211122, 2211123, 2211124
2211123, 2211126, 2211129, 221113B, 221113C, 221113D, 221113E, 2211131, 2211132, 2211133, 2211134, 2211135
221111A, 2211111, 2211112, 2211113, 2211114, 2211115, 2211116, 2211117, 2211118, 2211119
2211127, 221113A, 221113H, 2211131, 2211133, 2211135, 2211136, 2211139, 9981104, 9981112, 9981201, 9981203
2211111, 221113B, 221113C, 221113D, 221113E, 221113F, 2211131, 2211132, 2211133, 2211134, 2211135
221113G, 221113H, 221113I, 221113J, 221113K, 2211131, 2211132, 2211133, 2211134, 2211135
221113B, 221113C, 221113D, 221113E, 221113F, 2211131, 2211132, 2211133, 2211134, 2211135
2211111, 2211114, 2211117, 2211119
221111A, 2211111, 2211112, 2211113, 2211114, 2211115, 2211116, 2211117, 2211118, 2211119
221112A, 2211121, 2211122, 2211123, 2211124, 2211126, 2211127, 2211128, 2211129
2211121, 2211123, 2211126, 2211129, 2211131, 2211132, 2211133, 2211134, 2211135, 2211137, 2211138, 2211139
221111A, 2211111, 2211112, 2211113, 2211114, 2211116, 2211118, 2211119
2211111, 221113A, 2211131, 2211132, 2211133, 2211134, 2211135, 2211136, 2211137, 2211138, 2211139
221112A, 2211121, 2211122, 2211126, 2211127, 2211129, 2211132, 2211133, 2211134, 2211135
221111A, 2211111, 2211112, 2211113, 2211116, 2211117, 2211119, 2211124
221113B, 221113C, 221113D, 221113E, 221113F, 2211131, 2211132, 2211133, 2211134, 2211135
221113A, 2211131, 2211132, 2211133, 2211134, 2211135, 2211136, 2211137, 2211138, 2211139
2211112, 2211114, 2211115, 2211118, 2211119, 221112A, 2211121, 2211126, 2211128
221113A, 2211131, 2211132, 2211133, 2211134, 2211135, 2211136, 2211137, 2211138, 2211139
2211126, 221113A, 2211131, 2211132, 2211133, 2211134, 2211135, 2211137, 2211138, 2211139
221113G, 221113H, 221113I, 221113K, 2211131, 2211132, 2211133, 2211134, 2211135
221111A, 2211111, 2211112, 2211113, 2211114, 2211115, 2211116, 2211117, 2211118, 2211119
221111A, 2211112, 2211113, 2211118, 2211122, 2211124, 2211128, 2211129
221111A, 2211111, 2211112, 2211113, 2211114, 2211115, 2211116, 2211117, 2211118, 2211119
2211121, 2211122, 2211123, 2211124, 2211126, 2211127, 2211128, 2211129, 2211135
221111A, 2211111, 2211112, 2211113, 2211114, 2211115, 2211116, 2211117, 2211118, 2211119
221112A, 2211122, 2211124, 2211126, 2211128, 2211129, 2211131, 2211134, 2211136, 2211138
2211113, 2211118, 2211119, 221112A, 2211121, 2211122, 2211123, 2211126, 2211127, 2211128, 2211129
221113G, 221113H, 221113I, 221113J, 221113K, 2211131, 2211132, 2211133, 2211134, 2211135
2211115, 221113A, 2211131, 2211132, 2211133, 2211134, 2211135, 2211136, 2211137, 2211138, 2211139
221113G, 221113H, 221113I, 221113J, 221113K, 2211131, 2211132, 2211133, 2211134, 2211135
221111A, 2211111, 2211112, 2211113, 2211114, 2211115, 2211116, 2211117, 2211118, 2211119
221113B, 221113C, 221113D, 221113E, 221113F, 2211131, 2211132, 2211133, 2211134, 2211135
221111A, 2211111, 2211112, 2211113, 2211114, 2211115, 2211116, 2211117, 2211118, 2211119
221112A, 2211121, 2211122, 2211123, 2211124, 2211126, 2211127, 2211128, 2211129
2211113, 221112A, 2211121, 2211122, 2211123, 2211124, 2211126, 2211127, 2211128, 2211129
2211112, 2211113, 2211114, 2211117, 221112A, 2211121, 2211123, 2211126, 2211129
221111A, 2211111, 221112A, 2211121, 2211122, 2211126, 2211127, 2211129, 2211134, 2211135
221111A, 2211111, 2211112, 2211113, 2211114, 2211115, 2211116, 2211117, 2211118, 2211119
221113A, 2211131, 2211132, 2211133, 2211134, 2211135, 2211136, 2211137, 2211138, 2211139
221113A, 2211131, 2211132, 2211133, 2211134, 2211135, 2211136, 2211137, 2211138, 2211139
221111A, 2211111, 2211112, 2211116, 2211119, 221112A, 2211121, 2211123, 2211126, 2211129
221111A, 2211121, 2211122, 2211126, 2211132, 2211133, 2211134, 2211136, 2211137, 2211138
2211121, 2211127, 221113B, 221113C, 221113D, 221113E, 221113F, 2211132, 2211133, 2211134, 2211135
2211126, 221113B, 221113C, 221113D, 221113E, 221113F, 2211131, 2211132, 2211133, 2211134, 2211135
221111A, 2211111, 2211112, 2211116, 2211117, 2211118, 2211119, 2211122, 2211123
221111A, 2211111, 2211112, 2211113, 2211114, 2211115, 2211116, 2211117, 2211118, 2211119
221111A, 2211119, 2211121, 2211122, 2211123, 2211126, 2211127, 2211128, 2211129, 2211134, 2211135
2211123, 221113A, 2211131, 2211132, 2211133, 2211134, 2211135, 2211136, 2211137, 2211138, 2211139
2211122, 2211127, 2211129, 221113B, 221113C, 221113D, 2211131, 2211133, 2211134, 2211135
221113B, 221113C, 221113D, 221113E, 221113F, 2211131, 2211132, 2211133, 2211134, 2211135
2211121, 2211124, 2211126, 2211127, 2211129, 221113A, 2211131, 2211133, 2211134, 2211135, 2211138
2211121, 2211122, 2211126, 2211127, 221113A, 2211131, 2211132, 2211133, 2211138, 2211139
221112A, 2211121, 2211122, 2211123, 2211124, 2211126, 2211127, 2211128, 2211129
221111A, 2211111, 2211112, 2211113, 2211114, 2211115, 2211116, 2211117, 2211118, 2211119, 2211128, 9991106
2211113, 2211119, 221112A, 2211121, 2211122, 2211123, 2211124, 2211126, 2211127, 2211128, 2211129
221112A, 2211121, 2211122, 2211123, 2211124, 2211126, 2211127, 2211128, 2211129
221112A, 2211121, 2211122, 2211123, 2211124, 2211126, 2211127, 2211128, 2211129
221111A, 2211118, 221112A, 2211121, 2211122, 2211126, 2211127, 2211129, 2211134, 2211135
2211118, 221112A, 2211121, 2211122, 221113B, 221113C, 221113D, 221113F, 2211133, 2211134, 2211135
221111A, 221112A, 2211121, 2211122, 2211123, 2211124, 2211126, 2211127, 2211128, 2211129
221111A, 2211111, 2211112, 2211113, 2211114, 2211115, 2211116, 2211117, 2211118, 2211119
221111A, 221112A, 2211121, 2211122, 2211123, 2211124, 2211126, 2211127, 2211128, 2211129
221112A, 2211121, 2211122, 2211123, 2211124, 2211126, 2211127, 2211128, 2211129
221111A, 221112A, 2211121, 2211122, 2211123, 2211124, 2211126, 2211127, 2211128, 2211129
2211124, 2211127, 2211128, 2211129, 221113B, 221113C, 221113D, 2211131, 2211132, 2211134, 2211135
221111A, 2211111, 2211112, 2211113, 2211114, 2211115, 2211116, 2211117, 2211118, 2211119
2211129, 221113B, 221113C, 221113D, 221113E, 221113F, 2211131, 2211132, 2211133, 2211134, 2211135
2211129, 221113A, 2211131, 2211132, 2211133, 2211134, 2211135, 2211136, 2211137, 2211138, 2211139
221111A, 2211111, 2211126, 2211127, 221113A, 2211132, 2211133, 2211134, 2211135, 2211136, 2211138
221111A, 2211111, 2211112, 2211113, 2211114, 2211115, 2211116, 2211117, 2211118, 2211119
221111A, 2211111, 2211112, 2211113, 2211114, 2211115, 2211116, 2211117, 2211118, 2211119
221112A, 2211121, 2211122, 2211123, 2211124, 2211126, 2211127, 2211128, 2211129
2211112, 2211118, 221112A, 2211121, 2211122, 2211123, 2211124, 2211126, 2211127, 2211128, 2211129
221111A, 2211111, 2211112, 2211113, 2211114, 2211115, 2211116, 2211117, 2211118, 2211119, 9991103
221111A, 2211111, 2211116, 2211119, 2211121, 2211122, 2211124
221111A, 2211111, 2211112, 2211113, 2211116, 2211118, 2211119
221111A, 2211111, 2211112, 2211113, 2211114, 2211115, 2211116, 2211117, 2211118, 2211119
221111A, 2211111, 2211112, 2211113, 2211114, 2211115, 2211116, 2211117, 2211118, 2211119
221112A, 2211121, 2211122, 2211123, 2211124, 2211126, 2211127, 2211128, 2211129
221111A, 2211111, 2211112, 2211113, 2211114, 2211115, 2211116, 2211117, 2211118, 2211119
221111A, 2211111, 2211112, 2211113, 2211114, 2211115, 2211116, 2211117, 2211118, 2211119
221111A, 2211111, 2211112, 2211113, 2211114, 2211115, 2211116, 2211117, 2211118, 2211119
221111A, 2211111, 2211112, 2211113, 2211114, 2211115, 2211116, 2211117, 2211118, 2211119
221111A, 2211111, 2211112, 2211113, 2211114, 2211115, 2211116, 2211117, 2211118, 2211119
221112A, 2211124, 2211126, 2211127, 2211132, 2211133, 2211134, 2211135, 2211137, 2211138
221111A, 2211113, 2211114, 2211116, 2211118, 2211119, 2211122, 2211123, 2211127, 2211128
221111A, 2211111, 2211112, 2211113, 2211114, 2211115, 2211116, 2211117, 2211118, 2211119
221111A, 2211111, 2211112, 2211113, 2211114, 2211115, 2211116, 2211117, 2211118, 2211119
2211123, 2211126, 2211127, 221113A, 2211131, 2211132, 2211133, 2211134, 2211135, 2211136, 2211138, 2211139
2211126, 221113B, 221113C, 221113D, 221113E, 221113F, 2211131, 2211132, 2211133, 2211134, 2211135
2211113, 2211118, 2211122, 2211126, 2211127, 2211129, 221113E, 221113F, 2211133, 2211134, 2211135
221111A, 2211111, 2211112, 2211113, 2211114, 2211115, 2211116, 2211117, 2211118, 2211119
2211111, 2211114, 2211116, 2211118, 2211119, 221112A, 2211121, 2211123, 2211124, 2211128
221111A, 2211111, 2211112, 2211113, 2211114, 2211115, 2211116, 2211117, 2211118, 2211119
221112A, 2211126, 2211127, 2211128, 2211129, 2211131, 2211132, 2211133, 2211134, 2211135
221111A, 2211111, 2211112, 2211113, 2211114, 2211115, 2211116, 2211117, 2211118, 2211119
2211123, 221113G, 221113H, 221113I, 221113J, 221113K, 2211131, 2211132, 2211133, 2211134, 2211135
221112A, 2211121, 2211122, 2211123, 2211124, 2211126, 2211127, 2211128, 2211129
221111A, 2211112, 2211116, 221112A, 2211121, 2211122, 2211123, 2211124, 2211127, 2211128, 2211129
221111A, 2211111, 2211112, 2211113, 2211114, 2211115, 2211116, 2211117, 2211118, 2211119
221112A, 2211123, 2211126, 221113A, 2211132, 2211133, 2211134, 2211135, 2211137, 2211138, 2211139
221113B, 221113C, 221113D, 221113E, 221113F, 2211131, 2211132, 2211133, 2211134, 2211135
221111A, 2211111, 2211112, 2211113, 2211114, 2211115, 2211116, 2211117, 2211118, 2211119
221112A, 2211122, 2211123, 2211124, 2211126, 2211127, 2211128, 2211129
221111A, 2211111, 2211112, 2211113, 2211114, 2211115, 2211116, 2211117, 2211118, 2211119
221111A, 221112A, 2211121, 2211122, 2211123, 2211124, 2211126, 2211127, 2211128, 2211129
221111A, 2211111, 2211112, 2211113, 2211114, 2211115, 2211116, 2211117, 2211118, 2211119
2211115, 2211118, 221112A, 2211121, 2211122, 2211123, 2211124, 2211126, 2211127, 2211128
2211111, 2211117, 2211119, 221112A, 2211122, 2211123, 2211124, 2211129
221111A, 2211111, 2211112, 2211113, 2211114, 2211115, 2211116, 2211117, 2211118, 2211119
12111B9, 1211147, 1211154, 18111D5, 2211127, 2211128, 221113C, 2351113, 2961117, 2961119, 2961125
1211144, 1211145, 1211148, 1211199, 9981021
12111D2, 1211135, 1211141, 1211142, 1211143, 1211144, 1211145, 1211147, 1211148, 1211153, 9981101, 998113H, 998117E
12111D2, 1211141, 1211142, 1211143, 1211144, 1211145, 1211146, 1211147, 1211148, 16911B4, 9981012
12111D1, 12111F1, 1211121, 1211127, 1211128, 1211133, 1211134, 1211141, 1211142, 1211143, 1211144, 1211145, 1211146, 1211147, 1211148
12111B1, 12111D1, 12111E7, 12111F1, 1211113, 1211116, 1211122, 1211126, 1211129, 1211134, 1211141, 1211142, 1211143, 1211144, 1211145, 1211146, 1211147, 1211148
1001141, 1001144, 1001146, 1001148, 1211129, 1211134, 1211145, 1211199, 9991103
12111B4, 12111B9, 12111C6, 12111E3, 1211121, 1211141, 1211142, 1211143, 1211144, 1211145, 1211146, 1211147, 1211148
12111C6, 12111D2, 12111F1, 1211116, 1211121, 1211124, 1211128, 1211129, 1211131, 1211132, 1211133, 1211135, 1211141, 1211142, 1211143, 1211145, 1211146
12111C2, 12111C6, 12111F1, 1211133, 1211134, 1211135, 1211141, 1211142, 1211143, 1211144, 1211145, 1211146, 1211147, 1211148, 16911B4
1211144, 1211147
12111A1, 12111D1, 12111E1, 12111E7, 1211131, 1211132, 1211133, 1211135, 1211142, 1211143, 1211144, 1211145, 1211146, 1211147, 1211148, 1211151, 1211152, 1211153, 1211154
12111B4, 12111C2, 12111D1, 12111D2, 1211133, 1211141, 1211142, 1211143, 1211144, 1211145, 1211146, 1211147, 1211148
12111B9, 12111D2, 1211141, 1211147, 1211153, 1211154, 1211199, 998110E, 9981122, 998113H, 998116C
12111D2, 1211132, 1211153, 1211199, 99900QK
12111A2, 12111B4, 12111C6, 1211134, 1211141, 1211142, 1211143, 1211144, 1211145, 1211146, 1211147, 1211148
12111B9, 12111C2, 12111E5, 12111E7, 1211141, 1211147, 1211148, 1211154
1211199
12111B9, 12111C2, 12111F1, 1211121, 1211131, 1211132, 1211133, 1211135, 1211141, 1211142, 1211143, 1211144, 1211145, 1211146, 1211147, 1211148
12111E4, 1211199, 18111D8
12011D2, 12111A2, 12111C2, 12111C6, 1211121, 1211131, 1211132, 1211133, 1211135, 1211136, 1211141, 1211142, 1211143, 1211144, 1211145, 1211146, 1211147, 1211148, 99901J6, 9991103, 9991203, 9991303, 9991402
12111B4, 12111B9, 12111C6, 1211129, 1211135, 1211141, 1211142, 1211143, 1211144, 1211145, 1211146, 1211147, 1211148, 9991103
12111C6, 1211121, 1211126, 1211127, 1211128, 1211131, 1211132, 1211133, 1211134, 1211135, 1211136, 1211141, 1211142, 1211143, 1211144, 1211145, 1211146, 1211147, 1211148
1211199, 9991103
1211114, 1211121, 1211122, 1211123, 1211126, 1211127, 1211131, 1211133, 1211134, 1211135, 1211136, 1211141, 1211142, 1211143, 1211144, 1211145, 1211146, 1211147, 1211148
1211121, 1211129, 1211141, 1211142, 1211143, 1211144, 1211145, 1211146, 1211147, 1211148
1211199
12111E8, 1211199
12111A6, 1211143
9991103
1211199
12111B4, 12111C5, 12111D2, 12111E8, 12111F1, 1211123, 1211128, 1211133, 1211144, 1211145, 1211146, 1211148, 1211151, 1211152, 1211153, 1211154, 9991201
1211141, 1211147, 1211199, 998110E, 9981128, 998193H, 998197E
12111C2, 12111C5, 1211134, 1211135, 1211141, 1211142, 1211144, 1211145, 1211146, 1211147, 1211148, 9991112
12111B6, 12111D2, 12111E1, 12111E8, 1211126, 1211135, 1211143, 1211144, 1211146, 1211147, 1211148, 1211151, 1211152, 1211153, 1211154
12111D2, 12111E1, 12111E5, 1211113, 1211121, 1211124, 1211128, 1211129, 1211131, 1211133, 1211136, 1211142, 1211143, 1211144, 1211145, 1211147, 1211148, 18111A8, 9991301, 9991401, 9991501, 9991603
1001144, 1001148, 12111B9, 12111C4, 12111C5, 12111D2, 12111E8, 1211152, 1211154, 1211199
12111C6, 12111D1, 12111F1, 1211121, 1211129, 1211131, 1211132, 1211133, 1211135, 1211141, 1211142, 1211143, 1211144, 1211145, 1211146, 1211147, 1211148, 99900X4, 9991104, 999112E
12111B4, 12111B9, 12111C6, 12111E3, 1211141, 1211142, 1211143, 1211144, 1211145, 1211146, 1211147, 1211148, 9991803, 9991903
12111B4, 12111B9, 12111D2, 1211141, 1211143, 1211144, 1211146, 1211147, 1211151, 1211152, 1211153
12011F5, 12111C6, 1211144, 1211145, 1211148, 1211154, 18111B3, 18111D8, 99900ZK, 99900ZL, 99900ZM, 99901LU
12111D2, 12111D5, 12111E4, 12111E7, 12111F1, 1211147, 1211153, 1211199, 99901B9, 99901FW
18111B3
12111D5, 12111E1, 1211144, 1211145, 1211151, 1211153, 998113H, 998114C, 998116C, 998126C, 998136C
12111C6, 1211131, 1211132, 1211133, 1211135, 1211136, 1211141, 1211142, 1211143, 1211144, 1211145, 1211146, 1211147, 1211148, 1211151, 1211152, 1211153, 1211154
1211135, 1211141, 1211143, 1211144, 1211145, 1211146, 1211147, 1211151, 1211152, 9981111, 998117E
12111C5, 12111C7, 12111D2, 12111D8, 1211141, 1211144, 1211146, 1211147, 1211148, 1211151, 1211152, 1211153, 1211154, 9991903
12111C4, 12111C5, 12111D2, 12111E4, 12111E8, 1211144, 1211148, 1211151, 1211152, 1211153, 1211154, 99901FA
1211124, 1211129, 1211131, 1211132, 1211134, 1211135, 1211136, 1211141, 1211142, 1211143, 1211144, 1211145, 1211146, 1211147, 1211148, 9991203, 9991303, 9991403
12111C2, 1211121, 1211132, 1211141, 1211142, 1211143, 1211144, 1211145, 1211146, 1211147, 1211148
12111B9, 12111D2, 1211131, 1211143, 1211144, 1211145, 1211146, 1211147, 1211148, 1211151, 1211153, 1211154, 16911B4
12111B4, 12111C2, 12111C6, 12111C7, 12111D2, 12111D5, 12111D8, 12111E4, 12111E7, 1211133, 1211144, 1211145, 1211147, 1211152, 1211153, 1211199
1211199
12111B9, 12111D2, 1211151, 1211152, 1211153, 1211154, 99900X4
12111E3
1211199, 999114E, 999117E
12111B6, 12111D2, 12111E4, 1211144, 1211153, 1211199, 99901ER, 9990125
1211144, 1211146, 1211147, 1211152, 1211153, 1211199, 18111A8, 99901BL, 99901BM, 9991103, 9991104
12111C2, 12111C5, 12111D1, 12111D2, 1211135, 1211141, 1211143, 1211144, 1211146, 1211147, 1211148
12111B9, 12111C6, 12111E3, 1211121, 1211141, 1211142, 1211143, 1211144, 1211145, 1211146, 1211147, 1211148, 12411A6, 999110E, 9991103, 999120E
12111B4, 12111F1, 1211141, 1211142, 1211143, 1211144, 1211145, 1211147, 1211148, 99901FW
1211144, 1211145, 1211148, 1211151, 1211152, 1211153, 1211154, 9981105
12111B4, 12111B9, 12111E3, 12111E5, 1211141, 1211142, 1211143, 1211144, 1211145, 1211146, 1211147, 1211148, 1371147
12111B4, 12111D1, 12111E3, 12111E5, 1211141, 1211142, 1211143, 1211144, 1211145, 1211146, 1211147, 1211148, 99901FK, 9991403, 9991503, 9991603
12111B4, 12111C2, 12111D1, 12111E5, 1211132, 1211134, 1211141, 1211142, 1211143, 1211145, 1211146, 1211148, 9991102
12111E1, 1211144, 1211147, 1211148, 1211151, 1211152, 1211153, 1211154, 9981103, 9981106
12111B9, 12111D2, 12111E7, 1211134, 1211144, 1211145, 1211148, 1211151, 1211152, 1211153, 1211154, 99900RA
12111C4, 12111D8, 12111E1, 1211144, 1211147, 1211148, 1211151, 1211152, 1211153, 1211154, 1211199, 66711D3, 9991A03, 9991803
1211141, 1211142, 1211143, 1211144, 1211145, 1211146, 1211147, 1211148, 998113H, 998116C, 998123H, 998126C, 998136C
1211199
1211199
12111B4, 12111B9, 12111E3, 1211132, 1211133, 1211134, 1211141, 1211142, 1211143, 1211144, 1211145, 1211146, 1211147, 1211148, 9991103, 9991106
12111A1, 12111B9, 12111C7, 1211132, 1211141, 1211143, 1211144, 1211145, 1211146, 1211147, 1211148, 1211152, 1211199
12111A8, 12111D1, 12111F1, 1211121, 1211124, 1211126, 1211127, 1211128, 1211132, 1211133, 1211135, 1211136, 1211141, 1211142, 1211143, 1211144, 1211145, 1211146, 1211147, 1211148
1211122, 1211134
9991105
1211134, 1211141, 1211142, 1211143, 1211144, 1211145, 1211146, 1211147, 1211148, 998114E, 998117E, 9991106, 9991903
12111C2, 12111D1, 1211121, 1211122, 1211126, 1211127, 1211129, 1211132, 1211133, 1211135, 1211141, 1211142, 1211143, 1211144, 1211145, 1211146, 1211147, 1211148
1211112, 1211113, 1211114, 1211116, 1211117, 1211121, 1211122, 1211126, 1211127, 1211128, 1211131, 1211132, 1211133, 1211134, 1211135, 1211136
1211114, 1211116, 1211117, 1211121, 1211122, 1211123, 1211126, 1211127, 1211128, 1211131, 1211132, 1211133, 1211134, 1211135, 1211136
1211141, 1211143, 1211144, 1211145, 1211147, 1211148, 1211151, 1211152, 1211153, 1211154, 1211199, 998112D, 998112F
12111A6, 12111E1
12111C4, 12111C5, 12111D8, 12111E3, 1211141, 1211142, 1211144, 1211147, 1211148, 1211151, 1211152, 1211154, 18111A8
1211199
12111B9, 12111C2, 12111D2, 12111D5, 12111E3, 12111E5, 12111E7, 12111E8, 1211144, 1211145, 1211147, 1211148, 1211151, 1211152, 1211153, 1211154, 99901B9
1211199
12111E7, 1211199, 9981124
12111D2, 12111E5, 12111E7, 1211113, 1211121, 1211122, 1211133, 1211144, 1211147, 1211148, 1211151, 1211152, 1211153, 1211199
12111C5, 12111D2, 1211128, 1211129, 1211132, 1211133, 1211134, 1211145
12111B4, 12111B9, 12111C2, 12111C6, 1211131, 1211136, 1211141, 1211142, 1211143, 1211144, 1211145, 1211146, 1211147, 1211148, 9991903
12111B6, 12111C5, 12111C7, 12111D5, 12111E1, 12111E8, 1211145, 1211151, 1211152, 1211153, 1211154, 1211199, 99901B9
12111B4, 12111B9, 12111F1, 1211141, 1211142, 1211143, 1211144, 1211145, 1211146, 1211147, 1211148, 99901FL
12111D1, 12111F1, 1211127, 1211128, 1211131, 1211132, 1211133, 1211134, 1211135, 1211136, 1211141, 1211142, 1211143, 1211144, 1211145, 1211146, 1211147, 1211148
12111B4, 12111B9, 12111C6, 12111E3, 1211117, 1211127, 1211128, 1211129, 1211131, 1211132, 1211133, 1211134, 1211135, 1211141, 1211142, 1211143, 1211144, 1211145, 1211146, 1211147, 1211148, 9991102
1211132
1211141, 1211142, 1211143, 1211144, 1211145, 1211146, 1211147, 1211148
1211199
1211199
1211113, 1211116, 1211127, 1211131, 1211132, 1211133, 1211136, 1211146
12111B4, 12111B9, 12111C2, 12111C4, 12111E4, 1211133, 1211143, 1211146, 1211148, 1211153, 1211199, 1561114, 99901J6, 9991105, 9991203
1211113, 1211116, 1211121, 1211122, 1211124, 1211129, 1211143, 1211144, 1211145, 1211146, 1211147, 1211148, 1211152, 1211153, 9981003, 9981101
1211199, 998100A, 9981013, 9991106
1211199
1211131, 1211132, 1211133, 1211134, 1211135, 1211142, 1211143, 1211145, 1211146, 1211151, 1211152, 1211153, 1211154
1211199
12111E4, 12111E7, 1211133, 1211143, 1211145, 1211146, 1211147, 1211148, 1211151, 1211152, 1211199, 9991203
12111C5, 12111D2, 12111D8, 12111E7, 1211133, 1211135, 1211144, 1211145, 1211146, 1211147, 1211151, 1211152, 1211154, 9991203, 9991303, 9991403
12111B4, 12111C2, 12111D2, 12111E1, 12111E4, 1211144, 1211152, 1211199, 18111D9, 9991104
12111B6, 12111C5, 1211199
12111C4, 12111C5, 12111E8, 1211133, 1211135, 1211141, 1211142, 1211146, 1211147, 1211153, 1211154, 1211199, 99900YY, 9991105
1211199
12111B4, 12111C4, 12111D2, 12111E4, 1211199, 99901EK
1211199
1211199, 9991103
12011E6, 12111C4, 12111C5, 12111D2, 12111E4, 12111E7, 12111F1, 1211133, 1211134, 1211142, 1211143, 1211146, 1211151, 1211152, 1211153, 1211154, 9991303
12111A1, 12111A7, 12111B9, 12111C6, 12111C7, 12111E7, 12111E8, 1211112, 1211115, 1211124, 1211125, 1211126, 1211127, 1211128, 1211129, 1211131, 1211142, 1211147
12111D2, 1211121, 1211124, 1211133, 1211135, 1211136, 1211141, 1211142, 1211144, 1211145, 1211146, 1211147, 1211148, 1211154, 1211199, 998100E, 9981004
1211117, 1211128, 1211131, 1211132, 1211133, 1211135, 1211141, 1211142, 1211143, 1211144, 1211145, 1211146, 1211147, 1211148, 9981012
1211152, 1211199
1211199, 99901BU, 99901BY, 99901B3
12111C5, 12111D8, 12111E1, 12111E3, 12111E8, 1211134, 1211147, 1211151, 1211152, 1211153, 1211154, 18111A8, 18111A9
12111E4, 1211124, 1211133, 1211141, 1211147, 1211199
12111B4, 12111F1, 1211132, 1211141, 1211142, 1211144, 1211145, 1211146, 1211147, 1211148, 9991107, 9991203
12111B9, 12111E1, 1211126, 1211141, 1211142, 1211144, 1211147, 1211148, 1211153, 1211199, 9991206, 9991306, 9991406, 9991506
1211199
1211143, 1211148
1211131
1211121, 1211133, 1211136
1211124, 1211136, 1211146, 1211152
12111E5, 1211144, 1211199, 99900YR, 9990109
12111B4, 12111D1, 12111E3, 1211121, 1211122, 1211124, 1211127, 1211129, 1211132, 1211135, 1211141, 1211142, 1211143, 1211144, 1211145, 1211146, 1211148
12111C4, 12111D2, 12111E1, 12111E7, 12111E8, 1211144, 1211148, 1211151, 1211152, 1211153, 1211154, 99900YY, 9991203, 9991303
12111D2, 12111E1, 12111E3, 1211132, 1211133, 1211142, 1211154
12111C6, 1211127, 1211129, 1211131, 1211132, 1211133, 1211134, 1211135, 1211136, 1211141, 1211142, 1211143, 1211144, 1211145, 1211146, 1211147, 1211148, 9991103
12111D5, 1211144, 1211199, 99900X4, 99901FW
1211133, 1211143, 1211145, 1211148, 1211153, 1211199
1211199, 9981101, 9981710, 9981810, 9981910
1211121, 1211122, 1211128, 1211132, 1211133, 1211134, 1211136, 1211141, 1211142, 1211143, 1211144, 1211145, 1211146, 1211147, 1211148
12111C4, 12111C5, 12111C7, 12111D5, 12111E4, 1211144, 1211151, 1211152, 1211153, 1211154, 99901E8, 99901FW
12111C5, 12111D2, 12111E8, 1211132, 1211133, 1211141, 1211144, 1211145, 1211147, 1211148, 1211151, 1211152, 1211154, 99901BT
1211153, 1211199
12111C6, 12111E3, 1211121, 1211132, 1211134, 1211141, 1211142, 1211143, 1211144, 1211145, 1211146, 1211147, 1211148, 999110E, 9991103
1211199, 9991106, 9991107
12111B4, 12111B9, 12111C2, 12111F1, 1211141, 1211142, 1211143, 1211144, 1211145, 1211146, 1211147, 1211148
1211144, 1211145, 1211147, 1211151, 1211152, 1211153, 1211199, 998100H, 9981029
12111C6, 1211141, 1211142, 1211143, 1211144, 1211145, 1211146, 1211147, 1211148, 1211151, 998112E, 998117E, 998127E
12111D2, 12111E7, 1211116, 1211133, 1211134, 1211135, 1211141, 1211142, 1211144, 1211145, 1211147, 1211148, 1211152
12111A5, 12111B4, 12111B9, 12111C2, 12111F1, 1211132, 1211135, 1211141, 1211142, 1211143, 1211146, 1211147, 1211148, 1211151, 1211152, 1211154
12111A5, 12111A6, 12111A7, 12111A9, 12111B1, 12111D1, 12111F1, 1211121, 1211123, 1211126, 1211127, 1211128, 1211129, 1211131, 1211132, 1211133, 1211134, 1211135, 1211141, 1211142, 1211143, 1211144, 1211145, 1211146, 1211147, 1211148
12111D2, 12111D8, 12111E1, 1211121, 1211127, 1211129, 1211131, 1211132, 1211141, 1211143, 1211146, 1211147, 1211153, 1211154, 1211199, 998111E, 9981111, 998118H
12111B4, 12111C2, 12111D2, 12111E1, 1211144, 1211151, 1211153, 1211154, 1211199, 9981115, 99901BT
12111C2, 12111D2, 12111E1, 12111E5, 1211121, 1211133, 1211141, 1211142, 1211143, 1211144, 1211145, 1211146, 1211147, 1211148, 9991101, 9991703, 9991803, 9991903
1211131, 1211133, 1211134
12111E1, 1211199
999139E, 999146D
12111E4, 1211199
12111D8, 1211199, 9991403
12111A6, 12111B4, 12111C2, 12111D2, 1211113, 1211114, 1211122, 1211123, 1211125, 1211127, 1211128, 1211132, 1211134, 1211136, 1211141, 1211142, 1211143, 1211146, 1211154, 9991104
1211116, 1211121, 1211124, 1211132, 1211133, 1211135, 1211141, 1211142, 1211143, 1211144, 1211145, 1211146, 1211147, 1211148
12111D2, 1211133, 1211134, 1211141, 1211142, 1211143, 1211144, 1211145, 1211146, 1211147, 1211148
10311B5, 12111B4, 12111C2, 12111E3, 12111E4, 1211124, 1211142, 1211154, 1211199, 12911B2, 12911B3, 18111B1, 99900YR
12111C4, 12111D2, 12111D8, 12111F1, 1211141, 1211147, 1211151, 1211152, 1211153, 1211154, 1211199, 66711D3, 66711D4
1211126, 1211133, 1211134, 1211141, 1211142, 1211143, 1211144, 1211145, 1211146, 1211147, 1211148
1211144, 1211148, 1211153, 1211199, 9991104
12111B4, 12111C2, 12111C4, 12111C5, 12111D2, 12111E1, 12111E4, 12111E8, 1211141, 1211153, 1211154, 1211199, 9991306
12111B4, 12111B9, 12111D1, 12111E3, 1211141, 1211142, 1211143, 1211144, 1211145, 1211146, 1211147, 1211148, 9991803, 9991903
12111B4, 12111B9, 12111C6, 12111E3, 1211141, 1211142, 1211143, 1211144, 1211145, 1211146, 1211147, 1211148
12111B4, 12111C2, 12111D1, 12111E5, 1211113, 1211133, 1211141, 1211142, 1211143, 1211144, 1211145, 1211146, 1211147, 1211148
1211147, 1211199
12111C5, 12111E1, 12111E4, 12111E8, 1211144, 1211145, 1211151, 1211152, 1211153, 1211199, 99901BT, 99901FA
12111C2, 12111C5, 12111E5, 1211141, 1211142, 1211143, 1211144, 1211145, 1211146, 1211147, 1211148, 9991103
12111B9, 12111C2, 12111C5, 12111D2, 12111D5, 12111E5, 1211141, 1211142, 1211143, 1211144, 1211146, 1211147, 1211148
12111B9, 12111C2, 12111E3, 12111F1, 1211121, 1211133, 1211141, 1211142, 1211143, 1211144, 1211145, 1211146, 1211147, 1211148, 99901FK, 9991103
12111B9, 12111D5, 12111D8, 12111E8, 1211146, 1211147, 1211153, 1211154, 1211199, 9991103
12111A6, 1211111, 1211116, 1211121, 1211126, 1211127, 1211128, 1211131, 1211132, 1211133, 1211134, 1211136, 1211141, 1211142, 1211143, 1211144, 1211145, 1211146, 1211147
1211131, 1211142, 1211143, 1211147, 1211151, 1211153, 1211154, 1211199, 998100E, 9981031, 99901B9, 999113E
12111D8, 1211199
12111D2, 1211141, 1211143, 1211144, 1211145, 1211146, 1211147, 1211148, 99900RA
12111D2, 1211141, 1211142, 1211144, 1211145, 1211146, 1211199, 998111I, 998113D, 998113H, 998117E, 998127E
1211144, 1211145, 1211147, 1211199, 9981106, 9981109, 9981209, 9981309, 9981409
999117E, 999127E
12111B9, 12111C2, 12111C6, 1211141, 1211142, 1211143, 1211144, 1211145, 1211146, 1211147, 1211148, 999110E
12111D2, 12111E5, 1211132, 1211133, 1211144, 1211145, 1211146, 1211147, 1211148, 1211151, 1211152, 1211153, 1211154, 99901BT, 99901E8, 99901P3, 9991103, 9991106
1211132, 1211142, 1211145, 1211146, 9981103, 9981105, 998137E, 998147E, 998157E
1001146, 1001148, 1211199
12111B4, 12111B9, 12111C2, 12111F1, 1211134, 1211141, 1211142, 1211143, 1211144, 1211145, 1211146, 1211147, 1211148
12111A6, 12111A8, 1211116, 1211121, 1211122, 1211124, 1211125, 1211134, 1211142, 1211148, 1211152, 1211153, 99900X4
1211199
1211144, 1211152, 1211199
12111C7, 9991703, 9991803, 9991903
1211199
12111B6, 12111C5, 12111D2, 12111D8, 12111E1, 12111F1, 1211133, 1211147, 1211154, 1211199, 9991303
1211144, 1211199, 998113H
1211142, 1211154, 1211199, 998110C, 9981128, 998120C, 998190E
12111B6, 12111D2, 12111D5, 12111D8, 12111E1, 12111E4, 12111E8, 1211133, 1211135, 1211143, 1211146, 1211148, 1211151, 1211154, 9991103
12111C4, 12111C5, 12111C6, 12111D2, 12111E1, 12111F1, 1211142, 1211146, 1211152, 1211153, 1211154, 9991103
12111A8, 12111C6, 12111C7, 12111D2, 12111D8, 12111E7, 1211135, 1211143, 1211144, 1211145, 1211147, 1211148, 1211151, 1211152, 1211153, 1211154
1001141, 1001146, 1001147, 1001148, 12111B6, 12111D5, 12111F1, 1211199
1211199
12111D2, 12111E5, 1211132, 1211141, 1211144, 1211145, 1211146, 1211147, 1211148, 1211151, 1211153, 998112E, 998113H
12111A8, 12111B4, 12111B9, 12111C2, 12111C4, 12111C5, 12111C6, 12111D2, 12111E5, 1211141, 1211142, 1211151, 1211152, 1211153, 1211154, 18111A9
12111C5, 12111E3, 1211141, 1211144, 1211146, 1211147, 1211148, 1211151, 1211152, 1211154
12111B9, 12111C4, 12111D2, 12111E4, 12111E8, 12111F1, 1211152, 1211154
12111C6, 12111D1, 1211112, 1211124, 1211131, 1211132, 1211133, 1211135, 1211141, 1211142, 1211143, 1211144, 1211145, 1211146, 1211147, 1211148
12111D2, 12111E5, 1211153, 1211199, 998110C, 9981112, 9981116, 998112E, 998113H, 998117E, 998120E, 998127E
12111B9, 12111C4, 12111D2, 12111E8, 1211141, 1211142, 1211143, 1211144, 1211145, 1211146, 1211147, 1211152, 1211154, 16911B4, 9991104, 9991204
12111C2, 12111E1, 12111E5, 1211121, 1211122, 1211129, 1211131, 1211132, 1211133, 1211134, 1211135, 1211136, 1211141, 1211142, 1211148
12111B9, 12111E3, 12111E5, 1211141, 1211142, 1211143, 1211144, 1211145, 1211146, 1211147, 1211148, 1211152, 1211153, 998110H
1211199
12111C6, 12111F1, 1211121, 1211124, 1211128, 1211132, 1211133, 1211135, 1211136, 1211141, 1211142, 1211143, 1211144, 1211145, 1211146, 1211147, 1211148, 9991502, 9991903
12111B4, 12111C5, 1211129, 1211132, 1211133, 1211142, 1211143, 1211145, 1211146, 1211147, 1211148, 1211151, 1211153
12111C5, 12111C7, 12111D2, 1211151, 1211152, 1211153, 1211154
12111C2, 12111C6, 12111F1, 1211128, 1211132, 1211133, 1211134, 1211135, 1211141, 1211142, 1211143, 1211144, 1211145, 1211146, 1211147, 1211148, 16911B4
1211199, 998110E, 9981115, 998116C, 998116G, 99900YR
1211199, 9981115, 998119E
1211117, 1211123, 1211126, 1211127, 1211128, 1211129, 1211131, 1211132, 1211133, 1211134, 1211135, 1211136, 1211141, 1211142, 1211143, 1211144, 1211145, 1211146, 1211147, 1211148
12111D2, 1211141, 1211142, 1211143, 1211144, 1211145, 1211147, 1211148, 1211153, 9981101, 998117E
12111B4, 12111B9, 12111C2, 12111C6, 12111E5, 1211121, 1211136, 1211141, 1211142, 1211143, 1211144, 1211145, 1211146, 1211147, 1211148, 9991103, 9991203
1211133, 1211148, 1211151, 1211153, 1211154, 1211199, 9981021, 998110E, 9981115
12111B4, 12111C2, 12111C6, 12111D2, 12111E3, 12111E8, 1211141, 1211143, 1211144, 1211146, 1211147, 1211148, 9991103
12111B4, 12111B9, 12111F1, 1211133, 1211141, 1211142, 1211143, 1211144, 1211145, 1211146, 1211147, 1211148, 99901FK, 9991903
1211199, 9991104, 9991203, 9991303, 9991403
12111B9, 12111E1, 1211152, 1211199, 998111E, 998113H, 998117E, 998123H, 998133H
12111C7, 12111D2, 12111D8, 12111E1, 1211143, 1211144, 1211148, 1211153, 1211154, 1211199, 9991103, 9991203, 999139E
12111B4, 12111C2, 12111C6, 1211134, 1211141, 1211142, 1211143, 1211144, 1211145, 1211146, 1211147, 1211148, 9991103, 999130E
12111C2, 12111F1, 1211133, 1211141, 1211142, 1211143, 1211144, 1211145, 1211146, 1211147, 1211148, 999002J
12111E7, 1211144, 1211146, 1211151, 1211152, 1211153, 1211154, 1211199, 998100E, 9981010, 998110E, 9981103, 9981106, 998124E
1211144, 1211151, 1211152, 1211153, 1211199, 9981106, 998114E, 9981206, 9981306
12111B9, 12111C2, 12111C6, 1211128, 1211131, 1211133, 1211134, 1211141, 1211142, 1211143, 1211144, 1211145, 1211146, 1211147, 1211148
12111C4, 12111C5, 12111D2, 12111E4, 12111E8, 1211151, 1211152, 1211153, 1211154, 1211199, 9991403, 9991503, 9991603, 9991703
12111B4, 12111C2, 12111C6, 12111F1, 1211141, 1211142, 1211143, 1211144, 1211145, 1211146, 1211147, 1211148, 9991103
12111C5, 12111D2, 1211111, 1211112, 1211113, 1211115, 1211116, 1211122, 1211125, 1211126, 1211127, 1211128, 1211129, 1211151, 1211152, 1211153, 1211154
12111B4, 12111B6, 12111F1, 1211141, 1211142, 1211143, 1211144, 1211145, 1211146, 1211147, 1211148, 99901ES
12111B9, 12111F1, 1211133, 1211136, 1211142, 1211143, 1211144, 1211145, 1211146, 1211147, 1211148
12111B4, 12111C2, 12111D2, 12111E3, 1211127, 1211128, 1211131, 1211134, 1211141, 1211142, 1211143, 1211145, 1211146, 1211147, 1211148, 999122E
1211131, 1211133, 1211141, 1211144, 1211146, 1211148, 1211151, 1211152, 1211153, 1211154, 1211199, 9981112
12111D5, 1211143, 1211144, 1211145, 1211146, 1211147, 1211151, 1211152, 1211153, 1211154
1211144, 1211145, 1211147, 1211148, 1211151, 1211152, 1211153, 1211154, 1211199, 9981105
12111B4, 12111B9, 12111C2, 12111C6, 1211128, 1211132, 1211135, 1211136, 1211141, 1211142, 1211143, 1211144, 1211145, 1211146, 1211147, 1211148, 9991203
1211199
1211199, 998110A, 9981106, 9981118, 998114E
12111C2, 12111D1, 12111F1, 1211132, 1211133, 1211141, 1211142, 1211143, 1211144, 1211145, 1211146, 1211147, 1211148, 19211A6
12111C2, 12111C4, 12111C5, 12111D2, 12111F1, 1211116, 1211144, 1211145, 1211146, 1211147, 1211152, 1211154, 99901P3
12111B4, 12111C6, 12111F1, 1211121, 1211129, 1211134, 1211135, 1211141, 1211142, 1211143, 1211144, 1211145, 1211146, 1211147, 1211148, 9991102
12111C5, 12111D2, 12111E4, 12111E8, 1211148, 1211151, 1211152, 1211153, 1211154, 9991106
12111A2, 12111A9, 1211121, 1211123, 1211126, 1211127, 1211128, 1211129, 1211141, 1211142, 1211143, 1211144, 1211145, 1211146, 1211147, 1211148, 99900VV, 9991103
12111C2, 12111C4, 12111C6, 12111D2, 12111D5, 1211151, 1211199, 99901B9, 99901FK, 99901FU, 9991103
12111B9, 12111D2, 12111E5, 1211144, 1211145, 1211146, 1211147, 1211148, 1211151, 1211152, 1211153, 1211154, 99901BU, 99901E8, 99901F5
12111A8, 12111B4, 12111C6, 1211121, 1211124, 1211129, 1211132, 1211133, 1211134, 1211135, 1211141, 1211142, 1211143, 1211144, 1211145, 1211146, 1211147, 1211148, 9991903
12111C7, 12111E8, 1211199, 999112E, 9991303, 9991403, 9991503
12111D2, 12111E1, 1211144, 1211147, 1211148, 1211151, 1211152, 1211153, 1211154, 9981103, 9981106
12111C4, 12111D8, 12111E4, 12111E8, 1211144, 1211151, 1211153, 1211154, 1211199, 16911B4
12111C4, 12111D2, 12111E8, 12111F1, 1211144, 1211145, 1211146, 1211148, 1211151, 1211152, 1211153, 1211154, 99901FK
12111B4, 12111B9, 12111C2, 12111C6, 1211133, 1211141, 1211142, 1211143, 1211144, 1211145, 1211146, 1211147, 1211148, 9991903
1211141, 1211142, 1211143, 1211144, 1211146, 1211147, 1211148, 1211152, 1211154, 998100E, 9981004, 9981113
1211112, 1211113, 1211115, 1211116, 1211117, 1211121, 1211122, 1211124, 1211125, 1211126, 1211127, 1211128, 1211129, 1211131, 1211132, 1211133, 1211134, 1211135, 1211136, 1211141, 1211142, 1211143, 1211144, 1211145, 1211146, 1211147, 1211148
12111B4, 12111C2, 12111D1, 12111E5, 1211141, 1211142, 1211143, 1211144, 1211145, 1211146, 1211147, 1211148
12111B4, 12111B9, 12111C2, 12111C6, 1211141, 1211142, 1211143, 1211144, 1211145, 1211146, 1211147, 1211148, 9991203, 9991303, 9991403
12111A8, 12111C4, 12111D2, 12111E5, 12111E7, 12111E8, 1211144, 1211146, 1211147, 1211148, 1211151, 1211152, 1211153, 1211154, 1211199, 9991104
12111C2, 12111C6, 12111F1, 1211128, 1211131, 1211133, 1211135, 1211136, 1211141, 1211143, 1211144, 1211145, 1211146, 1211148, 16911B4, 99901FK, 9991203
12111D2, 12111E1, 12111E5, 12111F1, 1211129, 1211131, 1211135, 1211141, 1211142, 1211143, 1211144, 1211145, 1211146, 1211147, 1211148, 9991101, 9991103, 9991203, 9991303, 9991403, 9991503
12111A5, 12111A7, 12111D1, 12111F1, 1211127, 1211129, 1211131, 1211132, 1211133, 1211134, 1211135, 1211136, 1211141, 1211142, 1211143, 1211144, 1211145, 1211146, 1211147, 1211148
12111B4, 12111C6, 12111F1, 1211131, 1211133, 1211134, 1211135, 1211141, 1211142, 1211143, 1211144, 1211145, 1211146, 1211147, 1211148
1211134, 1211199
12111B9, 12111C2, 12111C4, 1211144, 1211145, 1211146, 1211147, 1211151, 1211152, 1211153, 1211154, 1211199, 99901BL, 99901F2
1211199, 9981006, 9981115
1211116, 1211124, 1211141, 1211142, 1211143, 1211144, 1211145, 1211146, 1211147, 1211148, 998113H, 998116C, 998126C
12111B4, 12111D2, 12111E7, 1211141, 1211143, 1211144, 1211145, 1211146, 1211147, 1211148
1211147, 1211199, 99901FH, 9991203
12111B6, 12111C4, 12111C5, 12111C7, 12111E7, 1211148, 1211199
1211199, 9991104, 9991112
12111B9, 12111C5, 12111C6, 12111D2, 12111E3, 12111E4, 12111E5, 1211134, 1211136, 1211154, 1211199
1211199, 9990109
12111C4, 12111E4, 1211133, 1211144, 1211148, 1211153, 1211154, 1211199
12111C4, 12111C5, 12111E4, 12111E8, 1211144, 1211145, 1211147, 1211151, 1211152, 1211153, 99901BY, 9991303
12111D2, 1211141, 1211144, 1211145, 1211147, 1211148, 1211152, 1211153, 1211199, 998100F, 9981016, 998117C
1211199, 9991101
12111B9, 12111E1, 12111E3, 1211121, 1211131, 1211134, 1211141, 1211142, 1211143, 1211145, 1211147, 1211148
12111A1, 12111B4, 12111C6, 12111F1, 1211141, 1211143, 1211145, 1211146, 1211147, 1211151, 1211152, 1211153, 999002J
1211132, 1211133, 1211135, 1211141, 1211142, 1211143, 1211144, 1211145, 1211146, 1211148, 1211151, 1211153, 998113H
12111F1, 1211117, 1211126, 1211127, 1211128, 1211129, 1211131, 1211132, 1211133, 1211134, 1211135, 1211136
12111B4, 12111C6, 1211124, 1211129, 1211131, 1211133, 1211135, 1211136, 1211141, 1211143, 1211144, 1211146, 1211148
12111B4, 12111C2, 12111C6, 12111F1, 1211129, 1211131, 1211133, 1211134, 1211141, 1211142, 1211143, 1211144, 1211145, 1211146, 1211147, 1211148, 9991103
12111C2, 12111D1, 12111E5, 1211141, 1211142, 1211143, 1211144, 1211145, 1211146, 1211147, 1211148
12111B9, 1211134, 1211135, 1211141, 1211142, 1211143, 1211144, 1211145, 1211146, 1211147, 1211148, 1211154, 9981006
12111B4, 12111B9, 12111C6, 12111E3, 12111F1, 1211141, 1211142, 1211143, 1211144, 1211145, 1211146, 1211147, 1211148
12111B6, 12111C5, 12111D2, 1211133, 1211134, 1211135, 1211136, 1211141, 1211142, 1211144, 1211145, 1211146, 1211147, 1211148, 1211151, 1211152, 1211153, 99900QI, 99901AL

